# 1D Euler Exact Riemann Solution
# Columns:
#   1: x
#   2: rho
#   3: u
#   4: p

-1.0000000000e+00 1.0000000000e+00 1.0000000000e+01 1.0000000000e+03
-9.9799799800e-01 1.0000000000e+00 1.0000000000e+01 1.0000000000e+03
-9.9599599600e-01 1.0000000000e+00 1.0000000000e+01 1.0000000000e+03
-9.9399399399e-01 1.0000000000e+00 1.0000000000e+01 1.0000000000e+03
-9.9199199199e-01 1.0000000000e+00 1.0000000000e+01 1.0000000000e+03
-9.8998998999e-01 1.0000000000e+00 1.0000000000e+01 1.0000000000e+03
-9.8798798799e-01 1.0000000000e+00 1.0000000000e+01 1.0000000000e+03
-9.8598598599e-01 1.0000000000e+00 1.0000000000e+01 1.0000000000e+03
-9.8398398398e-01 1.0000000000e+00 1.0000000000e+01 1.0000000000e+03
-9.8198198198e-01 1.0000000000e+00 1.0000000000e+01 1.0000000000e+03
-9.7997997998e-01 1.0000000000e+00 1.0000000000e+01 1.0000000000e+03
-9.7797797798e-01 1.0000000000e+00 1.0000000000e+01 1.0000000000e+03
-9.7597597598e-01 1.0000000000e+00 1.0000000000e+01 1.0000000000e+03
-9.7397397397e-01 1.0000000000e+00 1.0000000000e+01 1.0000000000e+03
-9.7197197197e-01 1.0000000000e+00 1.0000000000e+01 1.0000000000e+03
-9.6996996997e-01 1.0000000000e+00 1.0000000000e+01 1.0000000000e+03
-9.6796796797e-01 1.0000000000e+00 1.0000000000e+01 1.0000000000e+03
-9.6596596597e-01 1.0000000000e+00 1.0000000000e+01 1.0000000000e+03
-9.6396396396e-01 1.0000000000e+00 1.0000000000e+01 1.0000000000e+03
-9.6196196196e-01 1.0000000000e+00 1.0000000000e+01 1.0000000000e+03
-9.5995995996e-01 1.0000000000e+00 1.0000000000e+01 1.0000000000e+03
-9.5795795796e-01 1.0000000000e+00 1.0000000000e+01 1.0000000000e+03
-9.5595595596e-01 1.0000000000e+00 1.0000000000e+01 1.0000000000e+03
-9.5395395395e-01 1.0000000000e+00 1.0000000000e+01 1.0000000000e+03
-9.5195195195e-01 1.0000000000e+00 1.0000000000e+01 1.0000000000e+03
-9.4994994995e-01 1.0000000000e+00 1.0000000000e+01 1.0000000000e+03
-9.4794794795e-01 1.0000000000e+00 1.0000000000e+01 1.0000000000e+03
-9.4594594595e-01 1.0000000000e+00 1.0000000000e+01 1.0000000000e+03
-9.4394394394e-01 1.0000000000e+00 1.0000000000e+01 1.0000000000e+03
-9.4194194194e-01 1.0000000000e+00 1.0000000000e+01 1.0000000000e+03
-9.3993993994e-01 1.0000000000e+00 1.0000000000e+01 1.0000000000e+03
-9.3793793794e-01 1.0000000000e+00 1.0000000000e+01 1.0000000000e+03
-9.3593593594e-01 1.0000000000e+00 1.0000000000e+01 1.0000000000e+03
-9.3393393393e-01 1.0000000000e+00 1.0000000000e+01 1.0000000000e+03
-9.3193193193e-01 1.0000000000e+00 1.0000000000e+01 1.0000000000e+03
-9.2992992993e-01 1.0000000000e+00 1.0000000000e+01 1.0000000000e+03
-9.2792792793e-01 1.0000000000e+00 1.0000000000e+01 1.0000000000e+03
-9.2592592593e-01 1.0000000000e+00 1.0000000000e+01 1.0000000000e+03
-9.2392392392e-01 1.0000000000e+00 1.0000000000e+01 1.0000000000e+03
-9.2192192192e-01 1.0000000000e+00 1.0000000000e+01 1.0000000000e+03
-9.1991991992e-01 1.0000000000e+00 1.0000000000e+01 1.0000000000e+03
-9.1791791792e-01 1.0000000000e+00 1.0000000000e+01 1.0000000000e+03
-9.1591591592e-01 1.0000000000e+00 1.0000000000e+01 1.0000000000e+03
-9.1391391391e-01 1.0000000000e+00 1.0000000000e+01 1.0000000000e+03
-9.1191191191e-01 1.0000000000e+00 1.0000000000e+01 1.0000000000e+03
-9.0990990991e-01 1.0000000000e+00 1.0000000000e+01 1.0000000000e+03
-9.0790790791e-01 1.0000000000e+00 1.0000000000e+01 1.0000000000e+03
-9.0590590591e-01 1.0000000000e+00 1.0000000000e+01 1.0000000000e+03
-9.0390390390e-01 1.0000000000e+00 1.0000000000e+01 1.0000000000e+03
-9.0190190190e-01 1.0000000000e+00 1.0000000000e+01 1.0000000000e+03
-8.9989989990e-01 1.0000000000e+00 1.0000000000e+01 1.0000000000e+03
-8.9789789790e-01 1.0000000000e+00 1.0000000000e+01 1.0000000000e+03
-8.9589589590e-01 1.0000000000e+00 1.0000000000e+01 1.0000000000e+03
-8.9389389389e-01 1.0000000000e+00 1.0000000000e+01 1.0000000000e+03
-8.9189189189e-01 1.0000000000e+00 1.0000000000e+01 1.0000000000e+03
-8.8988988989e-01 1.0000000000e+00 1.0000000000e+01 1.0000000000e+03
-8.8788788789e-01 1.0000000000e+00 1.0000000000e+01 1.0000000000e+03
-8.8588588589e-01 1.0000000000e+00 1.0000000000e+01 1.0000000000e+03
-8.8388388388e-01 1.0000000000e+00 1.0000000000e+01 1.0000000000e+03
-8.8188188188e-01 1.0000000000e+00 1.0000000000e+01 1.0000000000e+03
-8.7987987988e-01 1.0000000000e+00 1.0000000000e+01 1.0000000000e+03
-8.7787787788e-01 1.0000000000e+00 1.0000000000e+01 1.0000000000e+03
-8.7587587588e-01 1.0000000000e+00 1.0000000000e+01 1.0000000000e+03
-8.7387387387e-01 1.0000000000e+00 1.0000000000e+01 1.0000000000e+03
-8.7187187187e-01 1.0000000000e+00 1.0000000000e+01 1.0000000000e+03
-8.6986986987e-01 1.0000000000e+00 1.0000000000e+01 1.0000000000e+03
-8.6786786787e-01 1.0000000000e+00 1.0000000000e+01 1.0000000000e+03
-8.6586586587e-01 1.0000000000e+00 1.0000000000e+01 1.0000000000e+03
-8.6386386386e-01 1.0000000000e+00 1.0000000000e+01 1.0000000000e+03
-8.6186186186e-01 1.0000000000e+00 1.0000000000e+01 1.0000000000e+03
-8.5985985986e-01 1.0000000000e+00 1.0000000000e+01 1.0000000000e+03
-8.5785785786e-01 1.0000000000e+00 1.0000000000e+01 1.0000000000e+03
-8.5585585586e-01 1.0000000000e+00 1.0000000000e+01 1.0000000000e+03
-8.5385385385e-01 1.0000000000e+00 1.0000000000e+01 1.0000000000e+03
-8.5185185185e-01 1.0000000000e+00 1.0000000000e+01 1.0000000000e+03
-8.4984984985e-01 1.0000000000e+00 1.0000000000e+01 1.0000000000e+03
-8.4784784785e-01 1.0000000000e+00 1.0000000000e+01 1.0000000000e+03
-8.4584584585e-01 1.0000000000e+00 1.0000000000e+01 1.0000000000e+03
-8.4384384384e-01 1.0000000000e+00 1.0000000000e+01 1.0000000000e+03
-8.4184184184e-01 1.0000000000e+00 1.0000000000e+01 1.0000000000e+03
-8.3983983984e-01 1.0000000000e+00 1.0000000000e+01 1.0000000000e+03
-8.3783783784e-01 1.0000000000e+00 1.0000000000e+01 1.0000000000e+03
-8.3583583584e-01 1.0000000000e+00 1.0000000000e+01 1.0000000000e+03
-8.3383383383e-01 1.0000000000e+00 1.0000000000e+01 1.0000000000e+03
-8.3183183183e-01 1.0000000000e+00 1.0000000000e+01 1.0000000000e+03
-8.2982982983e-01 1.0000000000e+00 1.0000000000e+01 1.0000000000e+03
-8.2782782783e-01 1.0000000000e+00 1.0000000000e+01 1.0000000000e+03
-8.2582582583e-01 1.0000000000e+00 1.0000000000e+01 1.0000000000e+03
-8.2382382382e-01 1.0000000000e+00 1.0000000000e+01 1.0000000000e+03
-8.2182182182e-01 1.0000000000e+00 1.0000000000e+01 1.0000000000e+03
-8.1981981982e-01 1.0000000000e+00 1.0000000000e+01 1.0000000000e+03
-8.1781781782e-01 1.0000000000e+00 1.0000000000e+01 1.0000000000e+03
-8.1581581582e-01 1.0000000000e+00 1.0000000000e+01 1.0000000000e+03
-8.1381381381e-01 1.0000000000e+00 1.0000000000e+01 1.0000000000e+03
-8.1181181181e-01 1.0000000000e+00 1.0000000000e+01 1.0000000000e+03
-8.0980980981e-01 1.0000000000e+00 1.0000000000e+01 1.0000000000e+03
-8.0780780781e-01 1.0000000000e+00 1.0000000000e+01 1.0000000000e+03
-8.0580580581e-01 1.0000000000e+00 1.0000000000e+01 1.0000000000e+03
-8.0380380380e-01 1.0000000000e+00 1.0000000000e+01 1.0000000000e+03
-8.0180180180e-01 1.0000000000e+00 1.0000000000e+01 1.0000000000e+03
-7.9979979980e-01 1.0000000000e+00 1.0000000000e+01 1.0000000000e+03
-7.9779779780e-01 1.0000000000e+00 1.0000000000e+01 1.0000000000e+03
-7.9579579580e-01 1.0000000000e+00 1.0000000000e+01 1.0000000000e+03
-7.9379379379e-01 1.0000000000e+00 1.0000000000e+01 1.0000000000e+03
-7.9179179179e-01 1.0000000000e+00 1.0000000000e+01 1.0000000000e+03
-7.8978978979e-01 1.0000000000e+00 1.0000000000e+01 1.0000000000e+03
-7.8778778779e-01 1.0000000000e+00 1.0000000000e+01 1.0000000000e+03
-7.8578578579e-01 1.0000000000e+00 1.0000000000e+01 1.0000000000e+03
-7.8378378378e-01 1.0000000000e+00 1.0000000000e+01 1.0000000000e+03
-7.8178178178e-01 1.0000000000e+00 1.0000000000e+01 1.0000000000e+03
-7.7977977978e-01 1.0000000000e+00 1.0000000000e+01 1.0000000000e+03
-7.7777777778e-01 1.0000000000e+00 1.0000000000e+01 1.0000000000e+03
-7.7577577578e-01 1.0000000000e+00 1.0000000000e+01 1.0000000000e+03
-7.7377377377e-01 1.0000000000e+00 1.0000000000e+01 1.0000000000e+03
-7.7177177177e-01 1.0000000000e+00 1.0000000000e+01 1.0000000000e+03
-7.6976976977e-01 1.0000000000e+00 1.0000000000e+01 1.0000000000e+03
-7.6776776777e-01 1.0000000000e+00 1.0000000000e+01 1.0000000000e+03
-7.6576576577e-01 1.0000000000e+00 1.0000000000e+01 1.0000000000e+03
-7.6376376376e-01 1.0000000000e+00 1.0000000000e+01 1.0000000000e+03
-7.6176176176e-01 1.0000000000e+00 1.0000000000e+01 1.0000000000e+03
-7.5975975976e-01 1.0000000000e+00 1.0000000000e+01 1.0000000000e+03
-7.5775775776e-01 1.0000000000e+00 1.0000000000e+01 1.0000000000e+03
-7.5575575576e-01 1.0000000000e+00 1.0000000000e+01 1.0000000000e+03
-7.5375375375e-01 1.0000000000e+00 1.0000000000e+01 1.0000000000e+03
-7.5175175175e-01 1.0000000000e+00 1.0000000000e+01 1.0000000000e+03
-7.4974974975e-01 1.0000000000e+00 1.0000000000e+01 1.0000000000e+03
-7.4774774775e-01 1.0000000000e+00 1.0000000000e+01 1.0000000000e+03
-7.4574574575e-01 1.0000000000e+00 1.0000000000e+01 1.0000000000e+03
-7.4374374374e-01 1.0000000000e+00 1.0000000000e+01 1.0000000000e+03
-7.4174174174e-01 1.0000000000e+00 1.0000000000e+01 1.0000000000e+03
-7.3973973974e-01 1.0000000000e+00 1.0000000000e+01 1.0000000000e+03
-7.3773773774e-01 1.0000000000e+00 1.0000000000e+01 1.0000000000e+03
-7.3573573574e-01 1.0000000000e+00 1.0000000000e+01 1.0000000000e+03
-7.3373373373e-01 1.0000000000e+00 1.0000000000e+01 1.0000000000e+03
-7.3173173173e-01 1.0000000000e+00 1.0000000000e+01 1.0000000000e+03
-7.2972972973e-01 1.0000000000e+00 1.0000000000e+01 1.0000000000e+03
-7.2772772773e-01 1.0000000000e+00 1.0000000000e+01 1.0000000000e+03
-7.2572572573e-01 1.0000000000e+00 1.0000000000e+01 1.0000000000e+03
-7.2372372372e-01 1.0000000000e+00 1.0000000000e+01 1.0000000000e+03
-7.2172172172e-01 1.0000000000e+00 1.0000000000e+01 1.0000000000e+03
-7.1971971972e-01 1.0000000000e+00 1.0000000000e+01 1.0000000000e+03
-7.1771771772e-01 1.0000000000e+00 1.0000000000e+01 1.0000000000e+03
-7.1571571572e-01 1.0000000000e+00 1.0000000000e+01 1.0000000000e+03
-7.1371371371e-01 1.0000000000e+00 1.0000000000e+01 1.0000000000e+03
-7.1171171171e-01 1.0000000000e+00 1.0000000000e+01 1.0000000000e+03
-7.0970970971e-01 1.0000000000e+00 1.0000000000e+01 1.0000000000e+03
-7.0770770771e-01 1.0000000000e+00 1.0000000000e+01 1.0000000000e+03
-7.0570570571e-01 1.0000000000e+00 1.0000000000e+01 1.0000000000e+03
-7.0370370370e-01 1.0000000000e+00 1.0000000000e+01 1.0000000000e+03
-7.0170170170e-01 1.0000000000e+00 1.0000000000e+01 1.0000000000e+03
-6.9969969970e-01 1.0000000000e+00 1.0000000000e+01 1.0000000000e+03
-6.9769769770e-01 1.0000000000e+00 1.0000000000e+01 1.0000000000e+03
-6.9569569570e-01 1.0000000000e+00 1.0000000000e+01 1.0000000000e+03
-6.9369369369e-01 1.0000000000e+00 1.0000000000e+01 1.0000000000e+03
-6.9169169169e-01 1.0000000000e+00 1.0000000000e+01 1.0000000000e+03
-6.8968968969e-01 1.0000000000e+00 1.0000000000e+01 1.0000000000e+03
-6.8768768769e-01 1.0000000000e+00 1.0000000000e+01 1.0000000000e+03
-6.8568568569e-01 1.0000000000e+00 1.0000000000e+01 1.0000000000e+03
-6.8368368368e-01 1.0000000000e+00 1.0000000000e+01 1.0000000000e+03
-6.8168168168e-01 1.0000000000e+00 1.0000000000e+01 1.0000000000e+03
-6.7967967968e-01 1.0000000000e+00 1.0000000000e+01 1.0000000000e+03
-6.7767767768e-01 1.0000000000e+00 1.0000000000e+01 1.0000000000e+03
-6.7567567568e-01 1.0000000000e+00 1.0000000000e+01 1.0000000000e+03
-6.7367367367e-01 1.0000000000e+00 1.0000000000e+01 1.0000000000e+03
-6.7167167167e-01 1.0000000000e+00 1.0000000000e+01 1.0000000000e+03
-6.6966966967e-01 1.0000000000e+00 1.0000000000e+01 1.0000000000e+03
-6.6766766767e-01 1.0000000000e+00 1.0000000000e+01 1.0000000000e+03
-6.6566566567e-01 1.0000000000e+00 1.0000000000e+01 1.0000000000e+03
-6.6366366366e-01 1.0000000000e+00 1.0000000000e+01 1.0000000000e+03
-6.6166166166e-01 1.0000000000e+00 1.0000000000e+01 1.0000000000e+03
-6.5965965966e-01 1.0000000000e+00 1.0000000000e+01 1.0000000000e+03
-6.5765765766e-01 1.0000000000e+00 1.0000000000e+01 1.0000000000e+03
-6.5565565566e-01 1.0000000000e+00 1.0000000000e+01 1.0000000000e+03
-6.5365365365e-01 1.0000000000e+00 1.0000000000e+01 1.0000000000e+03
-6.5165165165e-01 1.0000000000e+00 1.0000000000e+01 1.0000000000e+03
-6.4964964965e-01 1.0000000000e+00 1.0000000000e+01 1.0000000000e+03
-6.4764764765e-01 1.0000000000e+00 1.0000000000e+01 1.0000000000e+03
-6.4564564565e-01 1.0000000000e+00 1.0000000000e+01 1.0000000000e+03
-6.4364364364e-01 1.0000000000e+00 1.0000000000e+01 1.0000000000e+03
-6.4164164164e-01 1.0000000000e+00 1.0000000000e+01 1.0000000000e+03
-6.3963963964e-01 1.0000000000e+00 1.0000000000e+01 1.0000000000e+03
-6.3763763764e-01 1.0000000000e+00 1.0000000000e+01 1.0000000000e+03
-6.3563563564e-01 1.0000000000e+00 1.0000000000e+01 1.0000000000e+03
-6.3363363363e-01 1.0000000000e+00 1.0000000000e+01 1.0000000000e+03
-6.3163163163e-01 1.0000000000e+00 1.0000000000e+01 1.0000000000e+03
-6.2962962963e-01 1.0000000000e+00 1.0000000000e+01 1.0000000000e+03
-6.2762762763e-01 1.0000000000e+00 1.0000000000e+01 1.0000000000e+03
-6.2562562563e-01 1.0000000000e+00 1.0000000000e+01 1.0000000000e+03
-6.2362362362e-01 1.0000000000e+00 1.0000000000e+01 1.0000000000e+03
-6.2162162162e-01 1.0000000000e+00 1.0000000000e+01 1.0000000000e+03
-6.1961961962e-01 1.0000000000e+00 1.0000000000e+01 1.0000000000e+03
-6.1761761762e-01 1.0000000000e+00 1.0000000000e+01 1.0000000000e+03
-6.1561561562e-01 1.0000000000e+00 1.0000000000e+01 1.0000000000e+03
-6.1361361361e-01 1.0000000000e+00 1.0000000000e+01 1.0000000000e+03
-6.1161161161e-01 1.0000000000e+00 1.0000000000e+01 1.0000000000e+03
-6.0960960961e-01 1.0000000000e+00 1.0000000000e+01 1.0000000000e+03
-6.0760760761e-01 1.0000000000e+00 1.0000000000e+01 1.0000000000e+03
-6.0560560561e-01 1.0000000000e+00 1.0000000000e+01 1.0000000000e+03
-6.0360360360e-01 1.0000000000e+00 1.0000000000e+01 1.0000000000e+03
-6.0160160160e-01 1.0000000000e+00 1.0000000000e+01 1.0000000000e+03
-5.9959959960e-01 1.0000000000e+00 1.0000000000e+01 1.0000000000e+03
-5.9759759760e-01 1.0000000000e+00 1.0000000000e+01 1.0000000000e+03
-5.9559559560e-01 1.0000000000e+00 1.0000000000e+01 1.0000000000e+03
-5.9359359359e-01 1.0000000000e+00 1.0000000000e+01 1.0000000000e+03
-5.9159159159e-01 1.0000000000e+00 1.0000000000e+01 1.0000000000e+03
-5.8958958959e-01 1.0000000000e+00 1.0000000000e+01 1.0000000000e+03
-5.8758758759e-01 1.0000000000e+00 1.0000000000e+01 1.0000000000e+03
-5.8558558559e-01 1.0000000000e+00 1.0000000000e+01 1.0000000000e+03
-5.8358358358e-01 1.0000000000e+00 1.0000000000e+01 1.0000000000e+03
-5.8158158158e-01 1.0000000000e+00 1.0000000000e+01 1.0000000000e+03
-5.7957957958e-01 1.0000000000e+00 1.0000000000e+01 1.0000000000e+03
-5.7757757758e-01 1.0000000000e+00 1.0000000000e+01 1.0000000000e+03
-5.7557557558e-01 1.0000000000e+00 1.0000000000e+01 1.0000000000e+03
-5.7357357357e-01 1.0000000000e+00 1.0000000000e+01 1.0000000000e+03
-5.7157157157e-01 1.0000000000e+00 1.0000000000e+01 1.0000000000e+03
-5.6956956957e-01 1.0000000000e+00 1.0000000000e+01 1.0000000000e+03
-5.6756756757e-01 1.0000000000e+00 1.0000000000e+01 1.0000000000e+03
-5.6556556557e-01 1.0000000000e+00 1.0000000000e+01 1.0000000000e+03
-5.6356356356e-01 1.0000000000e+00 1.0000000000e+01 1.0000000000e+03
-5.6156156156e-01 1.0000000000e+00 1.0000000000e+01 1.0000000000e+03
-5.5955955956e-01 1.0000000000e+00 1.0000000000e+01 1.0000000000e+03
-5.5755755756e-01 1.0000000000e+00 1.0000000000e+01 1.0000000000e+03
-5.5555555556e-01 1.0000000000e+00 1.0000000000e+01 1.0000000000e+03
-5.5355355355e-01 1.0000000000e+00 1.0000000000e+01 1.0000000000e+03
-5.5155155155e-01 1.0000000000e+00 1.0000000000e+01 1.0000000000e+03
-5.4954954955e-01 1.0000000000e+00 1.0000000000e+01 1.0000000000e+03
-5.4754754755e-01 1.0000000000e+00 1.0000000000e+01 1.0000000000e+03
-5.4554554555e-01 1.0000000000e+00 1.0000000000e+01 1.0000000000e+03
-5.4354354354e-01 1.0000000000e+00 1.0000000000e+01 1.0000000000e+03
-5.4154154154e-01 1.0000000000e+00 1.0000000000e+01 1.0000000000e+03
-5.3953953954e-01 1.0000000000e+00 1.0000000000e+01 1.0000000000e+03
-5.3753753754e-01 1.0000000000e+00 1.0000000000e+01 1.0000000000e+03
-5.3553553554e-01 1.0000000000e+00 1.0000000000e+01 1.0000000000e+03
-5.3353353353e-01 1.0000000000e+00 1.0000000000e+01 1.0000000000e+03
-5.3153153153e-01 1.0000000000e+00 1.0000000000e+01 1.0000000000e+03
-5.2952952953e-01 1.0000000000e+00 1.0000000000e+01 1.0000000000e+03
-5.2752752753e-01 1.0000000000e+00 1.0000000000e+01 1.0000000000e+03
-5.2552552553e-01 1.0000000000e+00 1.0000000000e+01 1.0000000000e+03
-5.2352352352e-01 1.0000000000e+00 1.0000000000e+01 1.0000000000e+03
-5.2152152152e-01 1.0000000000e+00 1.0000000000e+01 1.0000000000e+03
-5.1951951952e-01 1.0000000000e+00 1.0000000000e+01 1.0000000000e+03
-5.1751751752e-01 1.0000000000e+00 1.0000000000e+01 1.0000000000e+03
-5.1551551552e-01 1.0000000000e+00 1.0000000000e+01 1.0000000000e+03
-5.1351351351e-01 1.0000000000e+00 1.0000000000e+01 1.0000000000e+03
-5.1151151151e-01 1.0000000000e+00 1.0000000000e+01 1.0000000000e+03
-5.0950950951e-01 1.0000000000e+00 1.0000000000e+01 1.0000000000e+03
-5.0750750751e-01 1.0000000000e+00 1.0000000000e+01 1.0000000000e+03
-5.0550550551e-01 1.0000000000e+00 1.0000000000e+01 1.0000000000e+03
-5.0350350350e-01 1.0000000000e+00 1.0000000000e+01 1.0000000000e+03
-5.0150150150e-01 1.0000000000e+00 1.0000000000e+01 1.0000000000e+03
-4.9949949950e-01 1.0000000000e+00 1.0000000000e+01 1.0000000000e+03
-4.9749749750e-01 1.0000000000e+00 1.0000000000e+01 1.0000000000e+03
-4.9549549550e-01 1.0000000000e+00 1.0000000000e+01 1.0000000000e+03
-4.9349349349e-01 1.0000000000e+00 1.0000000000e+01 1.0000000000e+03
-4.9149149149e-01 1.0000000000e+00 1.0000000000e+01 1.0000000000e+03
-4.8948948949e-01 1.0000000000e+00 1.0000000000e+01 1.0000000000e+03
-4.8748748749e-01 1.0000000000e+00 1.0000000000e+01 1.0000000000e+03
-4.8548548549e-01 1.0000000000e+00 1.0000000000e+01 1.0000000000e+03
-4.8348348348e-01 1.0000000000e+00 1.0000000000e+01 1.0000000000e+03
-4.8148148148e-01 1.0000000000e+00 1.0000000000e+01 1.0000000000e+03
-4.7947947948e-01 1.0000000000e+00 1.0000000000e+01 1.0000000000e+03
-4.7747747748e-01 1.0000000000e+00 1.0000000000e+01 1.0000000000e+03
-4.7547547548e-01 1.0000000000e+00 1.0000000000e+01 1.0000000000e+03
-4.7347347347e-01 1.0000000000e+00 1.0000000000e+01 1.0000000000e+03
-4.7147147147e-01 1.0000000000e+00 1.0000000000e+01 1.0000000000e+03
-4.6946946947e-01 1.0000000000e+00 1.0000000000e+01 1.0000000000e+03
-4.6746746747e-01 1.0000000000e+00 1.0000000000e+01 1.0000000000e+03
-4.6546546547e-01 1.0000000000e+00 1.0000000000e+01 1.0000000000e+03
-4.6346346346e-01 1.0000000000e+00 1.0000000000e+01 1.0000000000e+03
-4.6146146146e-01 1.0000000000e+00 1.0000000000e+01 1.0000000000e+03
-4.5945945946e-01 1.0000000000e+00 1.0000000000e+01 1.0000000000e+03
-4.5745745746e-01 1.0000000000e+00 1.0000000000e+01 1.0000000000e+03
-4.5545545546e-01 1.0000000000e+00 1.0000000000e+01 1.0000000000e+03
-4.5345345345e-01 1.0000000000e+00 1.0000000000e+01 1.0000000000e+03
-4.5145145145e-01 1.0000000000e+00 1.0000000000e+01 1.0000000000e+03
-4.4944944945e-01 1.0000000000e+00 1.0000000000e+01 1.0000000000e+03
-4.4744744745e-01 1.0000000000e+00 1.0000000000e+01 1.0000000000e+03
-4.4544544545e-01 1.0000000000e+00 1.0000000000e+01 1.0000000000e+03
-4.4344344344e-01 1.0000000000e+00 1.0000000000e+01 1.0000000000e+03
-4.4144144144e-01 1.0000000000e+00 1.0000000000e+01 1.0000000000e+03
-4.3943943944e-01 1.0000000000e+00 1.0000000000e+01 1.0000000000e+03
-4.3743743744e-01 1.0000000000e+00 1.0000000000e+01 1.0000000000e+03
-4.3543543544e-01 1.0000000000e+00 1.0000000000e+01 1.0000000000e+03
-4.3343343343e-01 1.0000000000e+00 1.0000000000e+01 1.0000000000e+03
-4.3143143143e-01 1.0000000000e+00 1.0000000000e+01 1.0000000000e+03
-4.2942942943e-01 1.0000000000e+00 1.0000000000e+01 1.0000000000e+03
-4.2742742743e-01 1.0000000000e+00 1.0000000000e+01 1.0000000000e+03
-4.2542542543e-01 1.0000000000e+00 1.0000000000e+01 1.0000000000e+03
-4.2342342342e-01 1.0000000000e+00 1.0000000000e+01 1.0000000000e+03
-4.2142142142e-01 1.0000000000e+00 1.0000000000e+01 1.0000000000e+03
-4.1941941942e-01 1.0000000000e+00 1.0000000000e+01 1.0000000000e+03
-4.1741741742e-01 1.0000000000e+00 1.0000000000e+01 1.0000000000e+03
-4.1541541542e-01 1.0000000000e+00 1.0000000000e+01 1.0000000000e+03
-4.1341341341e-01 1.0000000000e+00 1.0000000000e+01 1.0000000000e+03
-4.1141141141e-01 1.0000000000e+00 1.0000000000e+01 1.0000000000e+03
-4.0940940941e-01 1.0000000000e+00 1.0000000000e+01 1.0000000000e+03
-4.0740740741e-01 1.0000000000e+00 1.0000000000e+01 1.0000000000e+03
-4.0540540541e-01 1.0000000000e+00 1.0000000000e+01 1.0000000000e+03
-4.0340340340e-01 1.0000000000e+00 1.0000000000e+01 1.0000000000e+03
-4.0140140140e-01 1.0000000000e+00 1.0000000000e+01 1.0000000000e+03
-3.9939939940e-01 1.0000000000e+00 1.0000000000e+01 1.0000000000e+03
-3.9739739740e-01 1.0000000000e+00 1.0000000000e+01 1.0000000000e+03
-3.9539539540e-01 1.0000000000e+00 1.0000000000e+01 1.0000000000e+03
-3.9339339339e-01 1.0000000000e+00 1.0000000000e+01 1.0000000000e+03
-3.9139139139e-01 1.0000000000e+00 1.0000000000e+01 1.0000000000e+03
-3.8938938939e-01 1.0000000000e+00 1.0000000000e+01 1.0000000000e+03
-3.8738738739e-01 1.0000000000e+00 1.0000000000e+01 1.0000000000e+03
-3.8538538539e-01 1.0000000000e+00 1.0000000000e+01 1.0000000000e+03
-3.8338338338e-01 1.0000000000e+00 1.0000000000e+01 1.0000000000e+03
-3.8138138138e-01 1.0000000000e+00 1.0000000000e+01 1.0000000000e+03
-3.7937937938e-01 1.0000000000e+00 1.0000000000e+01 1.0000000000e+03
-3.7737737738e-01 1.0000000000e+00 1.0000000000e+01 1.0000000000e+03
-3.7537537538e-01 1.0000000000e+00 1.0000000000e+01 1.0000000000e+03
-3.7337337337e-01 1.0000000000e+00 1.0000000000e+01 1.0000000000e+03
-3.7137137137e-01 1.0000000000e+00 1.0000000000e+01 1.0000000000e+03
-3.6936936937e-01 1.0000000000e+00 1.0000000000e+01 1.0000000000e+03
-3.6736736737e-01 1.0000000000e+00 1.0000000000e+01 1.0000000000e+03
-3.6536536537e-01 1.0000000000e+00 1.0000000000e+01 1.0000000000e+03
-3.6336336336e-01 1.0000000000e+00 1.0000000000e+01 1.0000000000e+03
-3.6136136136e-01 1.0000000000e+00 1.0000000000e+01 1.0000000000e+03
-3.5935935936e-01 1.0000000000e+00 1.0000000000e+01 1.0000000000e+03
-3.5735735736e-01 1.0000000000e+00 1.0000000000e+01 1.0000000000e+03
-3.5535535536e-01 1.0000000000e+00 1.0000000000e+01 1.0000000000e+03
-3.5335335335e-01 1.0000000000e+00 1.0000000000e+01 1.0000000000e+03
-3.5135135135e-01 1.0000000000e+00 1.0000000000e+01 1.0000000000e+03
-3.4934934935e-01 1.0000000000e+00 1.0000000000e+01 1.0000000000e+03
-3.4734734735e-01 1.0000000000e+00 1.0000000000e+01 1.0000000000e+03
-3.4534534535e-01 1.0000000000e+00 1.0000000000e+01 1.0000000000e+03
-3.4334334334e-01 1.0000000000e+00 1.0000000000e+01 1.0000000000e+03
-3.4134134134e-01 1.0000000000e+00 1.0000000000e+01 1.0000000000e+03
-3.3933933934e-01 1.0000000000e+00 1.0000000000e+01 1.0000000000e+03
-3.3733733734e-01 1.0000000000e+00 1.0000000000e+01 1.0000000000e+03
-3.3533533534e-01 1.0000000000e+00 1.0000000000e+01 1.0000000000e+03
-3.3333333333e-01 1.0000000000e+00 1.0000000000e+01 1.0000000000e+03
-3.3133133133e-01 1.0000000000e+00 1.0000000000e+01 1.0000000000e+03
-3.2932932933e-01 1.0000000000e+00 1.0000000000e+01 1.0000000000e+03
-3.2732732733e-01 1.0000000000e+00 1.0000000000e+01 1.0000000000e+03
-3.2532532533e-01 1.0000000000e+00 1.0000000000e+01 1.0000000000e+03
-3.2332332332e-01 1.0000000000e+00 1.0000000000e+01 1.0000000000e+03
-3.2132132132e-01 1.0000000000e+00 1.0000000000e+01 1.0000000000e+03
-3.1931931932e-01 1.0000000000e+00 1.0000000000e+01 1.0000000000e+03
-3.1731731732e-01 1.0000000000e+00 1.0000000000e+01 1.0000000000e+03
-3.1531531532e-01 1.0000000000e+00 1.0000000000e+01 1.0000000000e+03
-3.1331331331e-01 1.0000000000e+00 1.0000000000e+01 1.0000000000e+03
-3.1131131131e-01 1.0000000000e+00 1.0000000000e+01 1.0000000000e+03
-3.0930930931e-01 1.0000000000e+00 1.0000000000e+01 1.0000000000e+03
-3.0730730731e-01 1.0000000000e+00 1.0000000000e+01 1.0000000000e+03
-3.0530530531e-01 1.0000000000e+00 1.0000000000e+01 1.0000000000e+03
-3.0330330330e-01 1.0000000000e+00 1.0000000000e+01 1.0000000000e+03
-3.0130130130e-01 1.0000000000e+00 1.0000000000e+01 1.0000000000e+03
-2.9929929930e-01 1.0000000000e+00 1.0000000000e+01 1.0000000000e+03
-2.9729729730e-01 1.0000000000e+00 1.0000000000e+01 1.0000000000e+03
-2.9529529530e-01 1.0000000000e+00 1.0000000000e+01 1.0000000000e+03
-2.9329329329e-01 1.0000000000e+00 1.0000000000e+01 1.0000000000e+03
-2.9129129129e-01 1.0000000000e+00 1.0000000000e+01 1.0000000000e+03
-2.8928928929e-01 1.0000000000e+00 1.0000000000e+01 1.0000000000e+03
-2.8728728729e-01 1.0000000000e+00 1.0000000000e+01 1.0000000000e+03
-2.8528528529e-01 1.0000000000e+00 1.0000000000e+01 1.0000000000e+03
-2.8328328328e-01 1.0000000000e+00 1.0000000000e+01 1.0000000000e+03
-2.8128128128e-01 1.0000000000e+00 1.0000000000e+01 1.0000000000e+03
-2.7927927928e-01 1.0000000000e+00 1.0000000000e+01 1.0000000000e+03
-2.7727727728e-01 1.0000000000e+00 1.0000000000e+01 1.0000000000e+03
-2.7527527528e-01 1.0000000000e+00 1.0000000000e+01 1.0000000000e+03
-2.7327327327e-01 9.9801390128e-01 1.0074372117e+01 9.9722056672e+02
-2.7127127127e-01 9.9357011020e-01 1.0241205617e+01 9.9100974538e+02
-2.6926926927e-01 9.8914216250e-01 1.0408039117e+01 9.8483210943e+02
-2.6726726727e-01 9.8473001577e-01 1.0574872618e+01 9.7868751097e+02
-2.6526526527e-01 9.8033362769e-01 1.0741706118e+01 9.7257580264e+02
-2.6326326326e-01 9.7595295600e-01 1.0908539618e+01 9.6649683759e+02
-2.6126126126e-01 9.7158795854e-01 1.1075373118e+01 9.6045046951e+02
-2.5925925926e-01 9.6723859320e-01 1.1242206618e+01 9.5443655260e+02
-2.5725725726e-01 9.6290481795e-01 1.1409040118e+01 9.4845494161e+02
-2.5525525526e-01 9.5858659086e-01 1.1575873619e+01 9.4250549178e+02
-2.5325325325e-01 9.5428387004e-01 1.1742707119e+01 9.3658805888e+02
-2.5125125125e-01 9.4999661369e-01 1.1909540619e+01 9.3070249920e+02
-2.4924924925e-01 9.4572478009e-01 1.2076374119e+01 9.2484866954e+02
-2.4724724725e-01 9.4146832760e-01 1.2243207619e+01 9.1902642723e+02
-2.4524524525e-01 9.3722721465e-01 1.2410041119e+01 9.1323563010e+02
-2.4324324324e-01 9.3300139972e-01 1.2576874620e+01 9.0747613650e+02
-2.4124124124e-01 9.2879084140e-01 1.2743708120e+01 9.0174780527e+02
-2.3923923924e-01 9.2459549835e-01 1.2910541620e+01 8.9605049580e+02
-2.3723723724e-01 9.2041532928e-01 1.3077375120e+01 8.9038406795e+02
-2.3523523524e-01 9.1625029300e-01 1.3244208620e+01 8.8474838211e+02
-2.3323323323e-01 9.1210034838e-01 1.3411042120e+01 8.7914329916e+02
-2.3123123123e-01 9.0796545438e-01 1.3577875621e+01 8.7356868049e+02
-2.2922922923e-01 9.0384557002e-01 1.3744709121e+01 8.6802438801e+02
-2.2722722723e-01 8.9974065439e-01 1.3911542621e+01 8.6251028410e+02
-2.2522522523e-01 8.9565066668e-01 1.4078376121e+01 8.5702623165e+02
-2.2322322322e-01 8.9157556613e-01 1.4245209621e+01 8.5157209407e+02
-2.2122122122e-01 8.8751531206e-01 1.4412043121e+01 8.4614773525e+02
-2.1921921922e-01 8.8346986386e-01 1.4578876622e+01 8.4075301957e+02
-2.1721721722e-01 8.7943918102e-01 1.4745710122e+01 8.3538781191e+02
-2.1521521522e-01 8.7542322307e-01 1.4912543622e+01 8.3005197765e+02
-2.1321321321e-01 8.7142194962e-01 1.5079377122e+01 8.2474538265e+02
-2.1121121121e-01 8.6743532039e-01 1.5246210622e+01 8.1946789327e+02
-2.0920920921e-01 8.6346329512e-01 1.5413044122e+01 8.1421937636e+02
-2.0720720721e-01 8.5950583366e-01 1.5579877623e+01 8.0899969925e+02
-2.0520520521e-01 8.5556289593e-01 1.5746711123e+01 8.0380872977e+02
-2.0320320320e-01 8.5163444190e-01 1.5913544623e+01 7.9864633621e+02
-2.0120120120e-01 8.4772043164e-01 1.6080378123e+01 7.9351238736e+02
-1.9919919920e-01 8.4382082530e-01 1.6247211623e+01 7.8840675251e+02
-1.9719719720e-01 8.3993558306e-01 1.6414045123e+01 7.8332930139e+02
-1.9519519520e-01 8.3606466521e-01 1.6580878624e+01 7.7827990424e+02
-1.9319319319e-01 8.3220803212e-01 1.6747712124e+01 7.7325843178e+02
-1.9119119119e-01 8.2836564420e-01 1.6914545624e+01 7.6826475519e+02
-1.8918918919e-01 8.2453746196e-01 1.7081379124e+01 7.6329874614e+02
-1.8718718719e-01 8.2072344596e-01 1.7248212624e+01 7.5836027676e+02
-1.8518518519e-01 8.1692355686e-01 1.7415046124e+01 7.5344921966e+02
-1.8318318318e-01 8.1313775538e-01 1.7581879625e+01 7.4856544793e+02
-1.8118118118e-01 8.0936600231e-01 1.7748713125e+01 7.4370883512e+02
-1.7917917918e-01 8.0560825851e-01 1.7915546625e+01 7.3887925526e+02
-1.7717717718e-01 8.0186448493e-01 1.8082380125e+01 7.3407658283e+02
-1.7517517518e-01 7.9813464256e-01 1.8249213625e+01 7.2930069279e+02
-1.7317317317e-01 7.9441869251e-01 1.8416047125e+01 7.2455146058e+02
-1.7117117117e-01 7.9071659591e-01 1.8582880626e+01 7.1982876206e+02
-1.6916916917e-01 7.8702831401e-01 1.8749714126e+01 7.1513247359e+02
-1.6716716717e-01 7.8335380810e-01 1.8916547626e+01 7.1046247199e+02
-1.6516516517e-01 7.7969303955e-01 1.9083381126e+01 7.0581863452e+02
-1.6316316316e-01 7.7604596982e-01 1.9250214626e+01 7.0120083892e+02
-1.6116116116e-01 7.7241256041e-01 1.9417048126e+01 6.9660896336e+02
-1.5915915916e-01 7.6879277292e-01 1.9583881627e+01 6.9204288651e+02
-1.5715715716e-01 7.6518656902e-01 1.9750715127e+01 6.8750248744e+02
-1.5515515516e-01 7.6159391042e-01 1.9917548627e+01 6.8298764572e+02
-1.5315315315e-01 7.5801475894e-01 2.0084382127e+01 6.7849824135e+02
-1.5115115115e-01 7.5444907647e-01 2.0251215627e+01 6.7403415479e+02
-1.4914914915e-01 7.5089682494e-01 2.0418049127e+01 6.6959526694e+02
-1.4714714715e-01 7.4735796637e-01 2.0584882628e+01 6.6518145915e+02
-1.4514514515e-01 7.4383246287e-01 2.0751716128e+01 6.6079261324e+02
-1.4314314314e-01 7.4032027659e-01 2.0918549628e+01 6.5642861144e+02
-1.4114114114e-01 7.3682136977e-01 2.1085383128e+01 6.5208933644e+02
-1.3913913914e-01 7.3333570473e-01 2.1252216628e+01 6.4777467140e+02
-1.3713713714e-01 7.2986324383e-01 2.1419050128e+01 6.4348449987e+02
-1.3513513514e-01 7.2640394952e-01 2.1585883629e+01 6.3921870589e+02
-1.3313313313e-01 7.2295778434e-01 2.1752717129e+01 6.3497717391e+02
-1.3113113113e-01 7.1952471087e-01 2.1919550629e+01 6.3075978882e+02
-1.2912912913e-01 7.1610469177e-01 2.2086384129e+01 6.2656643598e+02
-1.2712712713e-01 7.1269768979e-01 2.2253217629e+01 6.2239700113e+02
-1.2512512513e-01 7.0930366772e-01 2.2420051129e+01 6.1825137050e+02
-1.2312312312e-01 7.0592258844e-01 2.2586884630e+01 6.1412943071e+02
-1.2112112112e-01 7.0543361910e-01 2.2611064855e+01 6.1353397109e+02
-1.1911911912e-01 7.0543361910e-01 2.2611064855e+01 6.1353397109e+02
-1.1711711712e-01 7.0543361910e-01 2.2611064855e+01 6.1353397109e+02
-1.1511511512e-01 7.0543361910e-01 2.2611064855e+01 6.1353397109e+02
-1.1311311311e-01 7.0543361910e-01 2.2611064855e+01 6.1353397109e+02
-1.1111111111e-01 7.0543361910e-01 2.2611064855e+01 6.1353397109e+02
-1.0910910911e-01 7.0543361910e-01 2.2611064855e+01 6.1353397109e+02
-1.0710710711e-01 7.0543361910e-01 2.2611064855e+01 6.1353397109e+02
-1.0510510511e-01 7.0543361910e-01 2.2611064855e+01 6.1353397109e+02
-1.0310310310e-01 7.0543361910e-01 2.2611064855e+01 6.1353397109e+02
-1.0110110110e-01 7.0543361910e-01 2.2611064855e+01 6.1353397109e+02
-9.9099099099e-02 7.0543361910e-01 2.2611064855e+01 6.1353397109e+02
-9.7097097097e-02 7.0543361910e-01 2.2611064855e+01 6.1353397109e+02
-9.5095095095e-02 7.0543361910e-01 2.2611064855e+01 6.1353397109e+02
-9.3093093093e-02 7.0543361910e-01 2.2611064855e+01 6.1353397109e+02
-9.1091091091e-02 7.0543361910e-01 2.2611064855e+01 6.1353397109e+02
-8.9089089089e-02 7.0543361910e-01 2.2611064855e+01 6.1353397109e+02
-8.7087087087e-02 7.0543361910e-01 2.2611064855e+01 6.1353397109e+02
-8.5085085085e-02 7.0543361910e-01 2.2611064855e+01 6.1353397109e+02
-8.3083083083e-02 7.0543361910e-01 2.2611064855e+01 6.1353397109e+02
-8.1081081081e-02 7.0543361910e-01 2.2611064855e+01 6.1353397109e+02
-7.9079079079e-02 7.0543361910e-01 2.2611064855e+01 6.1353397109e+02
-7.7077077077e-02 7.0543361910e-01 2.2611064855e+01 6.1353397109e+02
-7.5075075075e-02 7.0543361910e-01 2.2611064855e+01 6.1353397109e+02
-7.3073073073e-02 7.0543361910e-01 2.2611064855e+01 6.1353397109e+02
-7.1071071071e-02 7.0543361910e-01 2.2611064855e+01 6.1353397109e+02
-6.9069069069e-02 7.0543361910e-01 2.2611064855e+01 6.1353397109e+02
-6.7067067067e-02 7.0543361910e-01 2.2611064855e+01 6.1353397109e+02
-6.5065065065e-02 7.0543361910e-01 2.2611064855e+01 6.1353397109e+02
-6.3063063063e-02 7.0543361910e-01 2.2611064855e+01 6.1353397109e+02
-6.1061061061e-02 7.0543361910e-01 2.2611064855e+01 6.1353397109e+02
-5.9059059059e-02 7.0543361910e-01 2.2611064855e+01 6.1353397109e+02
-5.7057057057e-02 7.0543361910e-01 2.2611064855e+01 6.1353397109e+02
-5.5055055055e-02 7.0543361910e-01 2.2611064855e+01 6.1353397109e+02
-5.3053053053e-02 7.0543361910e-01 2.2611064855e+01 6.1353397109e+02
-5.1051051051e-02 7.0543361910e-01 2.2611064855e+01 6.1353397109e+02
-4.9049049049e-02 7.0543361910e-01 2.2611064855e+01 6.1353397109e+02
-4.7047047047e-02 7.0543361910e-01 2.2611064855e+01 6.1353397109e+02
-4.5045045045e-02 7.0543361910e-01 2.2611064855e+01 6.1353397109e+02
-4.3043043043e-02 7.0543361910e-01 2.2611064855e+01 6.1353397109e+02
-4.1041041041e-02 7.0543361910e-01 2.2611064855e+01 6.1353397109e+02
-3.9039039039e-02 7.0543361910e-01 2.2611064855e+01 6.1353397109e+02
-3.7037037037e-02 7.0543361910e-01 2.2611064855e+01 6.1353397109e+02
-3.5035035035e-02 7.0543361910e-01 2.2611064855e+01 6.1353397109e+02
-3.3033033033e-02 7.0543361910e-01 2.2611064855e+01 6.1353397109e+02
-3.1031031031e-02 7.0543361910e-01 2.2611064855e+01 6.1353397109e+02
-2.9029029029e-02 7.0543361910e-01 2.2611064855e+01 6.1353397109e+02
-2.7027027027e-02 7.0543361910e-01 2.2611064855e+01 6.1353397109e+02
-2.5025025025e-02 7.0543361910e-01 2.2611064855e+01 6.1353397109e+02
-2.3023023023e-02 7.0543361910e-01 2.2611064855e+01 6.1353397109e+02
-2.1021021021e-02 7.0543361910e-01 2.2611064855e+01 6.1353397109e+02
-1.9019019019e-02 7.0543361910e-01 2.2611064855e+01 6.1353397109e+02
-1.7017017017e-02 7.0543361910e-01 2.2611064855e+01 6.1353397109e+02
-1.5015015015e-02 7.0543361910e-01 2.2611064855e+01 6.1353397109e+02
-1.3013013013e-02 7.0543361910e-01 2.2611064855e+01 6.1353397109e+02
-1.1011011011e-02 7.0543361910e-01 2.2611064855e+01 6.1353397109e+02
-9.0090090090e-03 7.0543361910e-01 2.2611064855e+01 6.1353397109e+02
-7.0070070070e-03 7.0543361910e-01 2.2611064855e+01 6.1353397109e+02
-5.0050050050e-03 7.0543361910e-01 2.2611064855e+01 6.1353397109e+02
-3.0030030030e-03 7.0543361910e-01 2.2611064855e+01 6.1353397109e+02
-1.0010010010e-03 7.0543361910e-01 2.2611064855e+01 6.1353397109e+02
1.0010010010e-03 7.0543361910e-01 2.2611064855e+01 6.1353397109e+02
3.0030030030e-03 7.0543361910e-01 2.2611064855e+01 6.1353397109e+02
5.0050050050e-03 7.0543361910e-01 2.2611064855e+01 6.1353397109e+02
7.0070070070e-03 7.0543361910e-01 2.2611064855e+01 6.1353397109e+02
9.0090090090e-03 7.0543361910e-01 2.2611064855e+01 6.1353397109e+02
1.1011011011e-02 7.0543361910e-01 2.2611064855e+01 6.1353397109e+02
1.3013013013e-02 7.0543361910e-01 2.2611064855e+01 6.1353397109e+02
1.5015015015e-02 7.0543361910e-01 2.2611064855e+01 6.1353397109e+02
1.7017017017e-02 7.0543361910e-01 2.2611064855e+01 6.1353397109e+02
1.9019019019e-02 7.0543361910e-01 2.2611064855e+01 6.1353397109e+02
2.1021021021e-02 7.0543361910e-01 2.2611064855e+01 6.1353397109e+02
2.3023023023e-02 7.0543361910e-01 2.2611064855e+01 6.1353397109e+02
2.5025025025e-02 7.0543361910e-01 2.2611064855e+01 6.1353397109e+02
2.7027027027e-02 7.0543361910e-01 2.2611064855e+01 6.1353397109e+02
2.9029029029e-02 7.0543361910e-01 2.2611064855e+01 6.1353397109e+02
3.1031031031e-02 7.0543361910e-01 2.2611064855e+01 6.1353397109e+02
3.3033033033e-02 7.0543361910e-01 2.2611064855e+01 6.1353397109e+02
3.5035035035e-02 7.0543361910e-01 2.2611064855e+01 6.1353397109e+02
3.7037037037e-02 7.0543361910e-01 2.2611064855e+01 6.1353397109e+02
3.9039039039e-02 7.0543361910e-01 2.2611064855e+01 6.1353397109e+02
4.1041041041e-02 7.0543361910e-01 2.2611064855e+01 6.1353397109e+02
4.3043043043e-02 7.0543361910e-01 2.2611064855e+01 6.1353397109e+02
4.5045045045e-02 7.0543361910e-01 2.2611064855e+01 6.1353397109e+02
4.7047047047e-02 7.0543361910e-01 2.2611064855e+01 6.1353397109e+02
4.9049049049e-02 7.0543361910e-01 2.2611064855e+01 6.1353397109e+02
5.1051051051e-02 7.0543361910e-01 2.2611064855e+01 6.1353397109e+02
5.3053053053e-02 7.0543361910e-01 2.2611064855e+01 6.1353397109e+02
5.5055055055e-02 7.0543361910e-01 2.2611064855e+01 6.1353397109e+02
5.7057057057e-02 7.0543361910e-01 2.2611064855e+01 6.1353397109e+02
5.9059059059e-02 7.0543361910e-01 2.2611064855e+01 6.1353397109e+02
6.1061061061e-02 7.0543361910e-01 2.2611064855e+01 6.1353397109e+02
6.3063063063e-02 7.0543361910e-01 2.2611064855e+01 6.1353397109e+02
6.5065065065e-02 7.0543361910e-01 2.2611064855e+01 6.1353397109e+02
6.7067067067e-02 7.0543361910e-01 2.2611064855e+01 6.1353397109e+02
6.9069069069e-02 7.0543361910e-01 2.2611064855e+01 6.1353397109e+02
7.1071071071e-02 7.0543361910e-01 2.2611064855e+01 6.1353397109e+02
7.3073073073e-02 7.0543361910e-01 2.2611064855e+01 6.1353397109e+02
7.5075075075e-02 7.0543361910e-01 2.2611064855e+01 6.1353397109e+02
7.7077077077e-02 7.0543361910e-01 2.2611064855e+01 6.1353397109e+02
7.9079079079e-02 7.0543361910e-01 2.2611064855e+01 6.1353397109e+02
8.1081081081e-02 7.0543361910e-01 2.2611064855e+01 6.1353397109e+02
8.3083083083e-02 7.0543361910e-01 2.2611064855e+01 6.1353397109e+02
8.5085085085e-02 7.0543361910e-01 2.2611064855e+01 6.1353397109e+02
8.7087087087e-02 7.0543361910e-01 2.2611064855e+01 6.1353397109e+02
8.9089089089e-02 7.0543361910e-01 2.2611064855e+01 6.1353397109e+02
9.1091091091e-02 7.0543361910e-01 2.2611064855e+01 6.1353397109e+02
9.3093093093e-02 7.0543361910e-01 2.2611064855e+01 6.1353397109e+02
9.5095095095e-02 7.0543361910e-01 2.2611064855e+01 6.1353397109e+02
9.7097097097e-02 7.0543361910e-01 2.2611064855e+01 6.1353397109e+02
9.9099099099e-02 7.0543361910e-01 2.2611064855e+01 6.1353397109e+02
1.0110110110e-01 7.0543361910e-01 2.2611064855e+01 6.1353397109e+02
1.0310310310e-01 7.0543361910e-01 2.2611064855e+01 6.1353397109e+02
1.0510510511e-01 7.0543361910e-01 2.2611064855e+01 6.1353397109e+02
1.0710710711e-01 7.0543361910e-01 2.2611064855e+01 6.1353397109e+02
1.0910910911e-01 7.0543361910e-01 2.2611064855e+01 6.1353397109e+02
1.1111111111e-01 7.0543361910e-01 2.2611064855e+01 6.1353397109e+02
1.1311311311e-01 7.0543361910e-01 2.2611064855e+01 6.1353397109e+02
1.1511511512e-01 7.0543361910e-01 2.2611064855e+01 6.1353397109e+02
1.1711711712e-01 7.0543361910e-01 2.2611064855e+01 6.1353397109e+02
1.1911911912e-01 7.0543361910e-01 2.2611064855e+01 6.1353397109e+02
1.2112112112e-01 7.0543361910e-01 2.2611064855e+01 6.1353397109e+02
1.2312312312e-01 7.0543361910e-01 2.2611064855e+01 6.1353397109e+02
1.2512512513e-01 7.0543361910e-01 2.2611064855e+01 6.1353397109e+02
1.2712712713e-01 7.0543361910e-01 2.2611064855e+01 6.1353397109e+02
1.2912912913e-01 7.0543361910e-01 2.2611064855e+01 6.1353397109e+02
1.3113113113e-01 7.0543361910e-01 2.2611064855e+01 6.1353397109e+02
1.3313313313e-01 7.0543361910e-01 2.2611064855e+01 6.1353397109e+02
1.3513513514e-01 7.0543361910e-01 2.2611064855e+01 6.1353397109e+02
1.3713713714e-01 7.0543361910e-01 2.2611064855e+01 6.1353397109e+02
1.3913913914e-01 7.0543361910e-01 2.2611064855e+01 6.1353397109e+02
1.4114114114e-01 7.0543361910e-01 2.2611064855e+01 6.1353397109e+02
1.4314314314e-01 7.0543361910e-01 2.2611064855e+01 6.1353397109e+02
1.4514514515e-01 7.0543361910e-01 2.2611064855e+01 6.1353397109e+02
1.4714714715e-01 7.0543361910e-01 2.2611064855e+01 6.1353397109e+02
1.4914914915e-01 7.0543361910e-01 2.2611064855e+01 6.1353397109e+02
1.5115115115e-01 7.0543361910e-01 2.2611064855e+01 6.1353397109e+02
1.5315315315e-01 7.0543361910e-01 2.2611064855e+01 6.1353397109e+02
1.5515515516e-01 7.0543361910e-01 2.2611064855e+01 6.1353397109e+02
1.5715715716e-01 7.0543361910e-01 2.2611064855e+01 6.1353397109e+02
1.5915915916e-01 7.0543361910e-01 2.2611064855e+01 6.1353397109e+02
1.6116116116e-01 7.0543361910e-01 2.2611064855e+01 6.1353397109e+02
1.6316316316e-01 7.0543361910e-01 2.2611064855e+01 6.1353397109e+02
1.6516516517e-01 7.0543361910e-01 2.2611064855e+01 6.1353397109e+02
1.6716716717e-01 7.0543361910e-01 2.2611064855e+01 6.1353397109e+02
1.6916916917e-01 7.0543361910e-01 2.2611064855e+01 6.1353397109e+02
1.7117117117e-01 7.0543361910e-01 2.2611064855e+01 6.1353397109e+02
1.7317317317e-01 7.0543361910e-01 2.2611064855e+01 6.1353397109e+02
1.7517517518e-01 7.0543361910e-01 2.2611064855e+01 6.1353397109e+02
1.7717717718e-01 7.0543361910e-01 2.2611064855e+01 6.1353397109e+02
1.7917917918e-01 7.0543361910e-01 2.2611064855e+01 6.1353397109e+02
1.8118118118e-01 7.0543361910e-01 2.2611064855e+01 6.1353397109e+02
1.8318318318e-01 7.0543361910e-01 2.2611064855e+01 6.1353397109e+02
1.8518518519e-01 7.0543361910e-01 2.2611064855e+01 6.1353397109e+02
1.8718718719e-01 7.0543361910e-01 2.2611064855e+01 6.1353397109e+02
1.8918918919e-01 7.0543361910e-01 2.2611064855e+01 6.1353397109e+02
1.9119119119e-01 7.0543361910e-01 2.2611064855e+01 6.1353397109e+02
1.9319319319e-01 7.0543361910e-01 2.2611064855e+01 6.1353397109e+02
1.9519519520e-01 7.0543361910e-01 2.2611064855e+01 6.1353397109e+02
1.9719719720e-01 7.0543361910e-01 2.2611064855e+01 6.1353397109e+02
1.9919919920e-01 7.0543361910e-01 2.2611064855e+01 6.1353397109e+02
2.0120120120e-01 7.0543361910e-01 2.2611064855e+01 6.1353397109e+02
2.0320320320e-01 7.0543361910e-01 2.2611064855e+01 6.1353397109e+02
2.0520520521e-01 7.0543361910e-01 2.2611064855e+01 6.1353397109e+02
2.0720720721e-01 7.0543361910e-01 2.2611064855e+01 6.1353397109e+02
2.0920920921e-01 7.0543361910e-01 2.2611064855e+01 6.1353397109e+02
2.1121121121e-01 7.0543361910e-01 2.2611064855e+01 6.1353397109e+02
2.1321321321e-01 7.0543361910e-01 2.2611064855e+01 6.1353397109e+02
2.1521521522e-01 7.0543361910e-01 2.2611064855e+01 6.1353397109e+02
2.1721721722e-01 7.0543361910e-01 2.2611064855e+01 6.1353397109e+02
2.1921921922e-01 7.0543361910e-01 2.2611064855e+01 6.1353397109e+02
2.2122122122e-01 7.0543361910e-01 2.2611064855e+01 6.1353397109e+02
2.2322322322e-01 7.0543361910e-01 2.2611064855e+01 6.1353397109e+02
2.2522522523e-01 7.0543361910e-01 2.2611064855e+01 6.1353397109e+02
2.2722722723e-01 5.9994295902e+00 2.2611064855e+01 6.1353397109e+02
2.2922922923e-01 5.9994295902e+00 2.2611064855e+01 6.1353397109e+02
2.3123123123e-01 5.9994295902e+00 2.2611064855e+01 6.1353397109e+02
2.3323323323e-01 5.9994295902e+00 2.2611064855e+01 6.1353397109e+02
2.3523523524e-01 5.9994295902e+00 2.2611064855e+01 6.1353397109e+02
2.3723723724e-01 5.9994295902e+00 2.2611064855e+01 6.1353397109e+02
2.3923923924e-01 5.9994295902e+00 2.2611064855e+01 6.1353397109e+02
2.4124124124e-01 5.9994295902e+00 2.2611064855e+01 6.1353397109e+02
2.4324324324e-01 5.9994295902e+00 2.2611064855e+01 6.1353397109e+02
2.4524524525e-01 5.9994295902e+00 2.2611064855e+01 6.1353397109e+02
2.4724724725e-01 5.9994295902e+00 2.2611064855e+01 6.1353397109e+02
2.4924924925e-01 5.9994295902e+00 2.2611064855e+01 6.1353397109e+02
2.5125125125e-01 5.9994295902e+00 2.2611064855e+01 6.1353397109e+02
2.5325325325e-01 5.9994295902e+00 2.2611064855e+01 6.1353397109e+02
2.5525525526e-01 5.9994295902e+00 2.2611064855e+01 6.1353397109e+02
2.5725725726e-01 5.9994295902e+00 2.2611064855e+01 6.1353397109e+02
2.5925925926e-01 5.9994295902e+00 2.2611064855e+01 6.1353397109e+02
2.6126126126e-01 5.9994295902e+00 2.2611064855e+01 6.1353397109e+02
2.6326326326e-01 5.9994295902e+00 2.2611064855e+01 6.1353397109e+02
2.6526526527e-01 5.9994295902e+00 2.2611064855e+01 6.1353397109e+02
2.6726726727e-01 5.9994295902e+00 2.2611064855e+01 6.1353397109e+02
2.6926926927e-01 5.9994295902e+00 2.2611064855e+01 6.1353397109e+02
2.7127127127e-01 5.9994295902e+00 2.2611064855e+01 6.1353397109e+02
2.7327327327e-01 1.0000000000e+00 0.0000000000e+00 1.0000000000e-02
2.7527527528e-01 1.0000000000e+00 0.0000000000e+00 1.0000000000e-02
2.7727727728e-01 1.0000000000e+00 0.0000000000e+00 1.0000000000e-02
2.7927927928e-01 1.0000000000e+00 0.0000000000e+00 1.0000000000e-02
2.8128128128e-01 1.0000000000e+00 0.0000000000e+00 1.0000000000e-02
2.8328328328e-01 1.0000000000e+00 0.0000000000e+00 1.0000000000e-02
2.8528528529e-01 1.0000000000e+00 0.0000000000e+00 1.0000000000e-02
2.8728728729e-01 1.0000000000e+00 0.0000000000e+00 1.0000000000e-02
2.8928928929e-01 1.0000000000e+00 0.0000000000e+00 1.0000000000e-02
2.9129129129e-01 1.0000000000e+00 0.0000000000e+00 1.0000000000e-02
2.9329329329e-01 1.0000000000e+00 0.0000000000e+00 1.0000000000e-02
2.9529529530e-01 1.0000000000e+00 0.0000000000e+00 1.0000000000e-02
2.9729729730e-01 1.0000000000e+00 0.0000000000e+00 1.0000000000e-02
2.9929929930e-01 1.0000000000e+00 0.0000000000e+00 1.0000000000e-02
3.0130130130e-01 1.0000000000e+00 0.0000000000e+00 1.0000000000e-02
3.0330330330e-01 1.0000000000e+00 0.0000000000e+00 1.0000000000e-02
3.0530530531e-01 1.0000000000e+00 0.0000000000e+00 1.0000000000e-02
3.0730730731e-01 1.0000000000e+00 0.0000000000e+00 1.0000000000e-02
3.0930930931e-01 1.0000000000e+00 0.0000000000e+00 1.0000000000e-02
3.1131131131e-01 1.0000000000e+00 0.0000000000e+00 1.0000000000e-02
3.1331331331e-01 1.0000000000e+00 0.0000000000e+00 1.0000000000e-02
3.1531531532e-01 1.0000000000e+00 0.0000000000e+00 1.0000000000e-02
3.1731731732e-01 1.0000000000e+00 0.0000000000e+00 1.0000000000e-02
3.1931931932e-01 1.0000000000e+00 0.0000000000e+00 1.0000000000e-02
3.2132132132e-01 1.0000000000e+00 0.0000000000e+00 1.0000000000e-02
3.2332332332e-01 1.0000000000e+00 0.0000000000e+00 1.0000000000e-02
3.2532532533e-01 1.0000000000e+00 0.0000000000e+00 1.0000000000e-02
3.2732732733e-01 1.0000000000e+00 0.0000000000e+00 1.0000000000e-02
3.2932932933e-01 1.0000000000e+00 0.0000000000e+00 1.0000000000e-02
3.3133133133e-01 1.0000000000e+00 0.0000000000e+00 1.0000000000e-02
3.3333333333e-01 1.0000000000e+00 0.0000000000e+00 1.0000000000e-02
3.3533533534e-01 1.0000000000e+00 0.0000000000e+00 1.0000000000e-02
3.3733733734e-01 1.0000000000e+00 0.0000000000e+00 1.0000000000e-02
3.3933933934e-01 1.0000000000e+00 0.0000000000e+00 1.0000000000e-02
3.4134134134e-01 1.0000000000e+00 0.0000000000e+00 1.0000000000e-02
3.4334334334e-01 1.0000000000e+00 0.0000000000e+00 1.0000000000e-02
3.4534534535e-01 1.0000000000e+00 0.0000000000e+00 1.0000000000e-02
3.4734734735e-01 1.0000000000e+00 0.0000000000e+00 1.0000000000e-02
3.4934934935e-01 1.0000000000e+00 0.0000000000e+00 1.0000000000e-02
3.5135135135e-01 1.0000000000e+00 0.0000000000e+00 1.0000000000e-02
3.5335335335e-01 1.0000000000e+00 0.0000000000e+00 1.0000000000e-02
3.5535535536e-01 1.0000000000e+00 0.0000000000e+00 1.0000000000e-02
3.5735735736e-01 1.0000000000e+00 0.0000000000e+00 1.0000000000e-02
3.5935935936e-01 1.0000000000e+00 0.0000000000e+00 1.0000000000e-02
3.6136136136e-01 1.0000000000e+00 0.0000000000e+00 1.0000000000e-02
3.6336336336e-01 1.0000000000e+00 0.0000000000e+00 1.0000000000e-02
3.6536536537e-01 1.0000000000e+00 0.0000000000e+00 1.0000000000e-02
3.6736736737e-01 1.0000000000e+00 0.0000000000e+00 1.0000000000e-02
3.6936936937e-01 1.0000000000e+00 0.0000000000e+00 1.0000000000e-02
3.7137137137e-01 1.0000000000e+00 0.0000000000e+00 1.0000000000e-02
3.7337337337e-01 1.0000000000e+00 0.0000000000e+00 1.0000000000e-02
3.7537537538e-01 1.0000000000e+00 0.0000000000e+00 1.0000000000e-02
3.7737737738e-01 1.0000000000e+00 0.0000000000e+00 1.0000000000e-02
3.7937937938e-01 1.0000000000e+00 0.0000000000e+00 1.0000000000e-02
3.8138138138e-01 1.0000000000e+00 0.0000000000e+00 1.0000000000e-02
3.8338338338e-01 1.0000000000e+00 0.0000000000e+00 1.0000000000e-02
3.8538538539e-01 1.0000000000e+00 0.0000000000e+00 1.0000000000e-02
3.8738738739e-01 1.0000000000e+00 0.0000000000e+00 1.0000000000e-02
3.8938938939e-01 1.0000000000e+00 0.0000000000e+00 1.0000000000e-02
3.9139139139e-01 1.0000000000e+00 0.0000000000e+00 1.0000000000e-02
3.9339339339e-01 1.0000000000e+00 0.0000000000e+00 1.0000000000e-02
3.9539539540e-01 1.0000000000e+00 0.0000000000e+00 1.0000000000e-02
3.9739739740e-01 1.0000000000e+00 0.0000000000e+00 1.0000000000e-02
3.9939939940e-01 1.0000000000e+00 0.0000000000e+00 1.0000000000e-02
4.0140140140e-01 1.0000000000e+00 0.0000000000e+00 1.0000000000e-02
4.0340340340e-01 1.0000000000e+00 0.0000000000e+00 1.0000000000e-02
4.0540540541e-01 1.0000000000e+00 0.0000000000e+00 1.0000000000e-02
4.0740740741e-01 1.0000000000e+00 0.0000000000e+00 1.0000000000e-02
4.0940940941e-01 1.0000000000e+00 0.0000000000e+00 1.0000000000e-02
4.1141141141e-01 1.0000000000e+00 0.0000000000e+00 1.0000000000e-02
4.1341341341e-01 1.0000000000e+00 0.0000000000e+00 1.0000000000e-02
4.1541541542e-01 1.0000000000e+00 0.0000000000e+00 1.0000000000e-02
4.1741741742e-01 1.0000000000e+00 0.0000000000e+00 1.0000000000e-02
4.1941941942e-01 1.0000000000e+00 0.0000000000e+00 1.0000000000e-02
4.2142142142e-01 1.0000000000e+00 0.0000000000e+00 1.0000000000e-02
4.2342342342e-01 1.0000000000e+00 0.0000000000e+00 1.0000000000e-02
4.2542542543e-01 1.0000000000e+00 0.0000000000e+00 1.0000000000e-02
4.2742742743e-01 1.0000000000e+00 0.0000000000e+00 1.0000000000e-02
4.2942942943e-01 1.0000000000e+00 0.0000000000e+00 1.0000000000e-02
4.3143143143e-01 1.0000000000e+00 0.0000000000e+00 1.0000000000e-02
4.3343343343e-01 1.0000000000e+00 0.0000000000e+00 1.0000000000e-02
4.3543543544e-01 1.0000000000e+00 0.0000000000e+00 1.0000000000e-02
4.3743743744e-01 1.0000000000e+00 0.0000000000e+00 1.0000000000e-02
4.3943943944e-01 1.0000000000e+00 0.0000000000e+00 1.0000000000e-02
4.4144144144e-01 1.0000000000e+00 0.0000000000e+00 1.0000000000e-02
4.4344344344e-01 1.0000000000e+00 0.0000000000e+00 1.0000000000e-02
4.4544544545e-01 1.0000000000e+00 0.0000000000e+00 1.0000000000e-02
4.4744744745e-01 1.0000000000e+00 0.0000000000e+00 1.0000000000e-02
4.4944944945e-01 1.0000000000e+00 0.0000000000e+00 1.0000000000e-02
4.5145145145e-01 1.0000000000e+00 0.0000000000e+00 1.0000000000e-02
4.5345345345e-01 1.0000000000e+00 0.0000000000e+00 1.0000000000e-02
4.5545545546e-01 1.0000000000e+00 0.0000000000e+00 1.0000000000e-02
4.5745745746e-01 1.0000000000e+00 0.0000000000e+00 1.0000000000e-02
4.5945945946e-01 1.0000000000e+00 0.0000000000e+00 1.0000000000e-02
4.6146146146e-01 1.0000000000e+00 0.0000000000e+00 1.0000000000e-02
4.6346346346e-01 1.0000000000e+00 0.0000000000e+00 1.0000000000e-02
4.6546546547e-01 1.0000000000e+00 0.0000000000e+00 1.0000000000e-02
4.6746746747e-01 1.0000000000e+00 0.0000000000e+00 1.0000000000e-02
4.6946946947e-01 1.0000000000e+00 0.0000000000e+00 1.0000000000e-02
4.7147147147e-01 1.0000000000e+00 0.0000000000e+00 1.0000000000e-02
4.7347347347e-01 1.0000000000e+00 0.0000000000e+00 1.0000000000e-02
4.7547547548e-01 1.0000000000e+00 0.0000000000e+00 1.0000000000e-02
4.7747747748e-01 1.0000000000e+00 0.0000000000e+00 1.0000000000e-02
4.7947947948e-01 1.0000000000e+00 0.0000000000e+00 1.0000000000e-02
4.8148148148e-01 1.0000000000e+00 0.0000000000e+00 1.0000000000e-02
4.8348348348e-01 1.0000000000e+00 0.0000000000e+00 1.0000000000e-02
4.8548548549e-01 1.0000000000e+00 0.0000000000e+00 1.0000000000e-02
4.8748748749e-01 1.0000000000e+00 0.0000000000e+00 1.0000000000e-02
4.8948948949e-01 1.0000000000e+00 0.0000000000e+00 1.0000000000e-02
4.9149149149e-01 1.0000000000e+00 0.0000000000e+00 1.0000000000e-02
4.9349349349e-01 1.0000000000e+00 0.0000000000e+00 1.0000000000e-02
4.9549549550e-01 1.0000000000e+00 0.0000000000e+00 1.0000000000e-02
4.9749749750e-01 1.0000000000e+00 0.0000000000e+00 1.0000000000e-02
4.9949949950e-01 1.0000000000e+00 0.0000000000e+00 1.0000000000e-02
5.0150150150e-01 1.0000000000e+00 0.0000000000e+00 1.0000000000e-02
5.0350350350e-01 1.0000000000e+00 0.0000000000e+00 1.0000000000e-02
5.0550550551e-01 1.0000000000e+00 0.0000000000e+00 1.0000000000e-02
5.0750750751e-01 1.0000000000e+00 0.0000000000e+00 1.0000000000e-02
5.0950950951e-01 1.0000000000e+00 0.0000000000e+00 1.0000000000e-02
5.1151151151e-01 1.0000000000e+00 0.0000000000e+00 1.0000000000e-02
5.1351351351e-01 1.0000000000e+00 0.0000000000e+00 1.0000000000e-02
5.1551551552e-01 1.0000000000e+00 0.0000000000e+00 1.0000000000e-02
5.1751751752e-01 1.0000000000e+00 0.0000000000e+00 1.0000000000e-02
5.1951951952e-01 1.0000000000e+00 0.0000000000e+00 1.0000000000e-02
5.2152152152e-01 1.0000000000e+00 0.0000000000e+00 1.0000000000e-02
5.2352352352e-01 1.0000000000e+00 0.0000000000e+00 1.0000000000e-02
5.2552552553e-01 1.0000000000e+00 0.0000000000e+00 1.0000000000e-02
5.2752752753e-01 1.0000000000e+00 0.0000000000e+00 1.0000000000e-02
5.2952952953e-01 1.0000000000e+00 0.0000000000e+00 1.0000000000e-02
5.3153153153e-01 1.0000000000e+00 0.0000000000e+00 1.0000000000e-02
5.3353353353e-01 1.0000000000e+00 0.0000000000e+00 1.0000000000e-02
5.3553553554e-01 1.0000000000e+00 0.0000000000e+00 1.0000000000e-02
5.3753753754e-01 1.0000000000e+00 0.0000000000e+00 1.0000000000e-02
5.3953953954e-01 1.0000000000e+00 0.0000000000e+00 1.0000000000e-02
5.4154154154e-01 1.0000000000e+00 0.0000000000e+00 1.0000000000e-02
5.4354354354e-01 1.0000000000e+00 0.0000000000e+00 1.0000000000e-02
5.4554554555e-01 1.0000000000e+00 0.0000000000e+00 1.0000000000e-02
5.4754754755e-01 1.0000000000e+00 0.0000000000e+00 1.0000000000e-02
5.4954954955e-01 1.0000000000e+00 0.0000000000e+00 1.0000000000e-02
5.5155155155e-01 1.0000000000e+00 0.0000000000e+00 1.0000000000e-02
5.5355355355e-01 1.0000000000e+00 0.0000000000e+00 1.0000000000e-02
5.5555555556e-01 1.0000000000e+00 0.0000000000e+00 1.0000000000e-02
5.5755755756e-01 1.0000000000e+00 0.0000000000e+00 1.0000000000e-02
5.5955955956e-01 1.0000000000e+00 0.0000000000e+00 1.0000000000e-02
5.6156156156e-01 1.0000000000e+00 0.0000000000e+00 1.0000000000e-02
5.6356356356e-01 1.0000000000e+00 0.0000000000e+00 1.0000000000e-02
5.6556556557e-01 1.0000000000e+00 0.0000000000e+00 1.0000000000e-02
5.6756756757e-01 1.0000000000e+00 0.0000000000e+00 1.0000000000e-02
5.6956956957e-01 1.0000000000e+00 0.0000000000e+00 1.0000000000e-02
5.7157157157e-01 1.0000000000e+00 0.0000000000e+00 1.0000000000e-02
5.7357357357e-01 1.0000000000e+00 0.0000000000e+00 1.0000000000e-02
5.7557557558e-01 1.0000000000e+00 0.0000000000e+00 1.0000000000e-02
5.7757757758e-01 1.0000000000e+00 0.0000000000e+00 1.0000000000e-02
5.7957957958e-01 1.0000000000e+00 0.0000000000e+00 1.0000000000e-02
5.8158158158e-01 1.0000000000e+00 0.0000000000e+00 1.0000000000e-02
5.8358358358e-01 1.0000000000e+00 0.0000000000e+00 1.0000000000e-02
5.8558558559e-01 1.0000000000e+00 0.0000000000e+00 1.0000000000e-02
5.8758758759e-01 1.0000000000e+00 0.0000000000e+00 1.0000000000e-02
5.8958958959e-01 1.0000000000e+00 0.0000000000e+00 1.0000000000e-02
5.9159159159e-01 1.0000000000e+00 0.0000000000e+00 1.0000000000e-02
5.9359359359e-01 1.0000000000e+00 0.0000000000e+00 1.0000000000e-02
5.9559559560e-01 1.0000000000e+00 0.0000000000e+00 1.0000000000e-02
5.9759759760e-01 1.0000000000e+00 0.0000000000e+00 1.0000000000e-02
5.9959959960e-01 1.0000000000e+00 0.0000000000e+00 1.0000000000e-02
6.0160160160e-01 1.0000000000e+00 0.0000000000e+00 1.0000000000e-02
6.0360360360e-01 1.0000000000e+00 0.0000000000e+00 1.0000000000e-02
6.0560560561e-01 1.0000000000e+00 0.0000000000e+00 1.0000000000e-02
6.0760760761e-01 1.0000000000e+00 0.0000000000e+00 1.0000000000e-02
6.0960960961e-01 1.0000000000e+00 0.0000000000e+00 1.0000000000e-02
6.1161161161e-01 1.0000000000e+00 0.0000000000e+00 1.0000000000e-02
6.1361361361e-01 1.0000000000e+00 0.0000000000e+00 1.0000000000e-02
6.1561561562e-01 1.0000000000e+00 0.0000000000e+00 1.0000000000e-02
6.1761761762e-01 1.0000000000e+00 0.0000000000e+00 1.0000000000e-02
6.1961961962e-01 1.0000000000e+00 0.0000000000e+00 1.0000000000e-02
6.2162162162e-01 1.0000000000e+00 0.0000000000e+00 1.0000000000e-02
6.2362362362e-01 1.0000000000e+00 0.0000000000e+00 1.0000000000e-02
6.2562562563e-01 1.0000000000e+00 0.0000000000e+00 1.0000000000e-02
6.2762762763e-01 1.0000000000e+00 0.0000000000e+00 1.0000000000e-02
6.2962962963e-01 1.0000000000e+00 0.0000000000e+00 1.0000000000e-02
6.3163163163e-01 1.0000000000e+00 0.0000000000e+00 1.0000000000e-02
6.3363363363e-01 1.0000000000e+00 0.0000000000e+00 1.0000000000e-02
6.3563563564e-01 1.0000000000e+00 0.0000000000e+00 1.0000000000e-02
6.3763763764e-01 1.0000000000e+00 0.0000000000e+00 1.0000000000e-02
6.3963963964e-01 1.0000000000e+00 0.0000000000e+00 1.0000000000e-02
6.4164164164e-01 1.0000000000e+00 0.0000000000e+00 1.0000000000e-02
6.4364364364e-01 1.0000000000e+00 0.0000000000e+00 1.0000000000e-02
6.4564564565e-01 1.0000000000e+00 0.0000000000e+00 1.0000000000e-02
6.4764764765e-01 1.0000000000e+00 0.0000000000e+00 1.0000000000e-02
6.4964964965e-01 1.0000000000e+00 0.0000000000e+00 1.0000000000e-02
6.5165165165e-01 1.0000000000e+00 0.0000000000e+00 1.0000000000e-02
6.5365365365e-01 1.0000000000e+00 0.0000000000e+00 1.0000000000e-02
6.5565565566e-01 1.0000000000e+00 0.0000000000e+00 1.0000000000e-02
6.5765765766e-01 1.0000000000e+00 0.0000000000e+00 1.0000000000e-02
6.5965965966e-01 1.0000000000e+00 0.0000000000e+00 1.0000000000e-02
6.6166166166e-01 1.0000000000e+00 0.0000000000e+00 1.0000000000e-02
6.6366366366e-01 1.0000000000e+00 0.0000000000e+00 1.0000000000e-02
6.6566566567e-01 1.0000000000e+00 0.0000000000e+00 1.0000000000e-02
6.6766766767e-01 1.0000000000e+00 0.0000000000e+00 1.0000000000e-02
6.6966966967e-01 1.0000000000e+00 0.0000000000e+00 1.0000000000e-02
6.7167167167e-01 1.0000000000e+00 0.0000000000e+00 1.0000000000e-02
6.7367367367e-01 1.0000000000e+00 0.0000000000e+00 1.0000000000e-02
6.7567567568e-01 1.0000000000e+00 0.0000000000e+00 1.0000000000e-02
6.7767767768e-01 1.0000000000e+00 0.0000000000e+00 1.0000000000e-02
6.7967967968e-01 1.0000000000e+00 0.0000000000e+00 1.0000000000e-02
6.8168168168e-01 1.0000000000e+00 0.0000000000e+00 1.0000000000e-02
6.8368368368e-01 1.0000000000e+00 0.0000000000e+00 1.0000000000e-02
6.8568568569e-01 1.0000000000e+00 0.0000000000e+00 1.0000000000e-02
6.8768768769e-01 1.0000000000e+00 0.0000000000e+00 1.0000000000e-02
6.8968968969e-01 1.0000000000e+00 0.0000000000e+00 1.0000000000e-02
6.9169169169e-01 1.0000000000e+00 0.0000000000e+00 1.0000000000e-02
6.9369369369e-01 1.0000000000e+00 0.0000000000e+00 1.0000000000e-02
6.9569569570e-01 1.0000000000e+00 0.0000000000e+00 1.0000000000e-02
6.9769769770e-01 1.0000000000e+00 0.0000000000e+00 1.0000000000e-02
6.9969969970e-01 1.0000000000e+00 0.0000000000e+00 1.0000000000e-02
7.0170170170e-01 1.0000000000e+00 0.0000000000e+00 1.0000000000e-02
7.0370370370e-01 1.0000000000e+00 0.0000000000e+00 1.0000000000e-02
7.0570570571e-01 1.0000000000e+00 0.0000000000e+00 1.0000000000e-02
7.0770770771e-01 1.0000000000e+00 0.0000000000e+00 1.0000000000e-02
7.0970970971e-01 1.0000000000e+00 0.0000000000e+00 1.0000000000e-02
7.1171171171e-01 1.0000000000e+00 0.0000000000e+00 1.0000000000e-02
7.1371371371e-01 1.0000000000e+00 0.0000000000e+00 1.0000000000e-02
7.1571571572e-01 1.0000000000e+00 0.0000000000e+00 1.0000000000e-02
7.1771771772e-01 1.0000000000e+00 0.0000000000e+00 1.0000000000e-02
7.1971971972e-01 1.0000000000e+00 0.0000000000e+00 1.0000000000e-02
7.2172172172e-01 1.0000000000e+00 0.0000000000e+00 1.0000000000e-02
7.2372372372e-01 1.0000000000e+00 0.0000000000e+00 1.0000000000e-02
7.2572572573e-01 1.0000000000e+00 0.0000000000e+00 1.0000000000e-02
7.2772772773e-01 1.0000000000e+00 0.0000000000e+00 1.0000000000e-02
7.2972972973e-01 1.0000000000e+00 0.0000000000e+00 1.0000000000e-02
7.3173173173e-01 1.0000000000e+00 0.0000000000e+00 1.0000000000e-02
7.3373373373e-01 1.0000000000e+00 0.0000000000e+00 1.0000000000e-02
7.3573573574e-01 1.0000000000e+00 0.0000000000e+00 1.0000000000e-02
7.3773773774e-01 1.0000000000e+00 0.0000000000e+00 1.0000000000e-02
7.3973973974e-01 1.0000000000e+00 0.0000000000e+00 1.0000000000e-02
7.4174174174e-01 1.0000000000e+00 0.0000000000e+00 1.0000000000e-02
7.4374374374e-01 1.0000000000e+00 0.0000000000e+00 1.0000000000e-02
7.4574574575e-01 1.0000000000e+00 0.0000000000e+00 1.0000000000e-02
7.4774774775e-01 1.0000000000e+00 0.0000000000e+00 1.0000000000e-02
7.4974974975e-01 1.0000000000e+00 0.0000000000e+00 1.0000000000e-02
7.5175175175e-01 1.0000000000e+00 0.0000000000e+00 1.0000000000e-02
7.5375375375e-01 1.0000000000e+00 0.0000000000e+00 1.0000000000e-02
7.5575575576e-01 1.0000000000e+00 0.0000000000e+00 1.0000000000e-02
7.5775775776e-01 1.0000000000e+00 0.0000000000e+00 1.0000000000e-02
7.5975975976e-01 1.0000000000e+00 0.0000000000e+00 1.0000000000e-02
7.6176176176e-01 1.0000000000e+00 0.0000000000e+00 1.0000000000e-02
7.6376376376e-01 1.0000000000e+00 0.0000000000e+00 1.0000000000e-02
7.6576576577e-01 1.0000000000e+00 0.0000000000e+00 1.0000000000e-02
7.6776776777e-01 1.0000000000e+00 0.0000000000e+00 1.0000000000e-02
7.6976976977e-01 1.0000000000e+00 0.0000000000e+00 1.0000000000e-02
7.7177177177e-01 1.0000000000e+00 0.0000000000e+00 1.0000000000e-02
7.7377377377e-01 1.0000000000e+00 0.0000000000e+00 1.0000000000e-02
7.7577577578e-01 1.0000000000e+00 0.0000000000e+00 1.0000000000e-02
7.7777777778e-01 1.0000000000e+00 0.0000000000e+00 1.0000000000e-02
7.7977977978e-01 1.0000000000e+00 0.0000000000e+00 1.0000000000e-02
7.8178178178e-01 1.0000000000e+00 0.0000000000e+00 1.0000000000e-02
7.8378378378e-01 1.0000000000e+00 0.0000000000e+00 1.0000000000e-02
7.8578578579e-01 1.0000000000e+00 0.0000000000e+00 1.0000000000e-02
7.8778778779e-01 1.0000000000e+00 0.0000000000e+00 1.0000000000e-02
7.8978978979e-01 1.0000000000e+00 0.0000000000e+00 1.0000000000e-02
7.9179179179e-01 1.0000000000e+00 0.0000000000e+00 1.0000000000e-02
7.9379379379e-01 1.0000000000e+00 0.0000000000e+00 1.0000000000e-02
7.9579579580e-01 1.0000000000e+00 0.0000000000e+00 1.0000000000e-02
7.9779779780e-01 1.0000000000e+00 0.0000000000e+00 1.0000000000e-02
7.9979979980e-01 1.0000000000e+00 0.0000000000e+00 1.0000000000e-02
8.0180180180e-01 1.0000000000e+00 0.0000000000e+00 1.0000000000e-02
8.0380380380e-01 1.0000000000e+00 0.0000000000e+00 1.0000000000e-02
8.0580580581e-01 1.0000000000e+00 0.0000000000e+00 1.0000000000e-02
8.0780780781e-01 1.0000000000e+00 0.0000000000e+00 1.0000000000e-02
8.0980980981e-01 1.0000000000e+00 0.0000000000e+00 1.0000000000e-02
8.1181181181e-01 1.0000000000e+00 0.0000000000e+00 1.0000000000e-02
8.1381381381e-01 1.0000000000e+00 0.0000000000e+00 1.0000000000e-02
8.1581581582e-01 1.0000000000e+00 0.0000000000e+00 1.0000000000e-02
8.1781781782e-01 1.0000000000e+00 0.0000000000e+00 1.0000000000e-02
8.1981981982e-01 1.0000000000e+00 0.0000000000e+00 1.0000000000e-02
8.2182182182e-01 1.0000000000e+00 0.0000000000e+00 1.0000000000e-02
8.2382382382e-01 1.0000000000e+00 0.0000000000e+00 1.0000000000e-02
8.2582582583e-01 1.0000000000e+00 0.0000000000e+00 1.0000000000e-02
8.2782782783e-01 1.0000000000e+00 0.0000000000e+00 1.0000000000e-02
8.2982982983e-01 1.0000000000e+00 0.0000000000e+00 1.0000000000e-02
8.3183183183e-01 1.0000000000e+00 0.0000000000e+00 1.0000000000e-02
8.3383383383e-01 1.0000000000e+00 0.0000000000e+00 1.0000000000e-02
8.3583583584e-01 1.0000000000e+00 0.0000000000e+00 1.0000000000e-02
8.3783783784e-01 1.0000000000e+00 0.0000000000e+00 1.0000000000e-02
8.3983983984e-01 1.0000000000e+00 0.0000000000e+00 1.0000000000e-02
8.4184184184e-01 1.0000000000e+00 0.0000000000e+00 1.0000000000e-02
8.4384384384e-01 1.0000000000e+00 0.0000000000e+00 1.0000000000e-02
8.4584584585e-01 1.0000000000e+00 0.0000000000e+00 1.0000000000e-02
8.4784784785e-01 1.0000000000e+00 0.0000000000e+00 1.0000000000e-02
8.4984984985e-01 1.0000000000e+00 0.0000000000e+00 1.0000000000e-02
8.5185185185e-01 1.0000000000e+00 0.0000000000e+00 1.0000000000e-02
8.5385385385e-01 1.0000000000e+00 0.0000000000e+00 1.0000000000e-02
8.5585585586e-01 1.0000000000e+00 0.0000000000e+00 1.0000000000e-02
8.5785785786e-01 1.0000000000e+00 0.0000000000e+00 1.0000000000e-02
8.5985985986e-01 1.0000000000e+00 0.0000000000e+00 1.0000000000e-02
8.6186186186e-01 1.0000000000e+00 0.0000000000e+00 1.0000000000e-02
8.6386386386e-01 1.0000000000e+00 0.0000000000e+00 1.0000000000e-02
8.6586586587e-01 1.0000000000e+00 0.0000000000e+00 1.0000000000e-02
8.6786786787e-01 1.0000000000e+00 0.0000000000e+00 1.0000000000e-02
8.6986986987e-01 1.0000000000e+00 0.0000000000e+00 1.0000000000e-02
8.7187187187e-01 1.0000000000e+00 0.0000000000e+00 1.0000000000e-02
8.7387387387e-01 1.0000000000e+00 0.0000000000e+00 1.0000000000e-02
8.7587587588e-01 1.0000000000e+00 0.0000000000e+00 1.0000000000e-02
8.7787787788e-01 1.0000000000e+00 0.0000000000e+00 1.0000000000e-02
8.7987987988e-01 1.0000000000e+00 0.0000000000e+00 1.0000000000e-02
8.8188188188e-01 1.0000000000e+00 0.0000000000e+00 1.0000000000e-02
8.8388388388e-01 1.0000000000e+00 0.0000000000e+00 1.0000000000e-02
8.8588588589e-01 1.0000000000e+00 0.0000000000e+00 1.0000000000e-02
8.8788788789e-01 1.0000000000e+00 0.0000000000e+00 1.0000000000e-02
8.8988988989e-01 1.0000000000e+00 0.0000000000e+00 1.0000000000e-02
8.9189189189e-01 1.0000000000e+00 0.0000000000e+00 1.0000000000e-02
8.9389389389e-01 1.0000000000e+00 0.0000000000e+00 1.0000000000e-02
8.9589589590e-01 1.0000000000e+00 0.0000000000e+00 1.0000000000e-02
8.9789789790e-01 1.0000000000e+00 0.0000000000e+00 1.0000000000e-02
8.9989989990e-01 1.0000000000e+00 0.0000000000e+00 1.0000000000e-02
9.0190190190e-01 1.0000000000e+00 0.0000000000e+00 1.0000000000e-02
9.0390390390e-01 1.0000000000e+00 0.0000000000e+00 1.0000000000e-02
9.0590590591e-01 1.0000000000e+00 0.0000000000e+00 1.0000000000e-02
9.0790790791e-01 1.0000000000e+00 0.0000000000e+00 1.0000000000e-02
9.0990990991e-01 1.0000000000e+00 0.0000000000e+00 1.0000000000e-02
9.1191191191e-01 1.0000000000e+00 0.0000000000e+00 1.0000000000e-02
9.1391391391e-01 1.0000000000e+00 0.0000000000e+00 1.0000000000e-02
9.1591591592e-01 1.0000000000e+00 0.0000000000e+00 1.0000000000e-02
9.1791791792e-01 1.0000000000e+00 0.0000000000e+00 1.0000000000e-02
9.1991991992e-01 1.0000000000e+00 0.0000000000e+00 1.0000000000e-02
9.2192192192e-01 1.0000000000e+00 0.0000000000e+00 1.0000000000e-02
9.2392392392e-01 1.0000000000e+00 0.0000000000e+00 1.0000000000e-02
9.2592592593e-01 1.0000000000e+00 0.0000000000e+00 1.0000000000e-02
9.2792792793e-01 1.0000000000e+00 0.0000000000e+00 1.0000000000e-02
9.2992992993e-01 1.0000000000e+00 0.0000000000e+00 1.0000000000e-02
9.3193193193e-01 1.0000000000e+00 0.0000000000e+00 1.0000000000e-02
9.3393393393e-01 1.0000000000e+00 0.0000000000e+00 1.0000000000e-02
9.3593593594e-01 1.0000000000e+00 0.0000000000e+00 1.0000000000e-02
9.3793793794e-01 1.0000000000e+00 0.0000000000e+00 1.0000000000e-02
9.3993993994e-01 1.0000000000e+00 0.0000000000e+00 1.0000000000e-02
9.4194194194e-01 1.0000000000e+00 0.0000000000e+00 1.0000000000e-02
9.4394394394e-01 1.0000000000e+00 0.0000000000e+00 1.0000000000e-02
9.4594594595e-01 1.0000000000e+00 0.0000000000e+00 1.0000000000e-02
9.4794794795e-01 1.0000000000e+00 0.0000000000e+00 1.0000000000e-02
9.4994994995e-01 1.0000000000e+00 0.0000000000e+00 1.0000000000e-02
9.5195195195e-01 1.0000000000e+00 0.0000000000e+00 1.0000000000e-02
9.5395395395e-01 1.0000000000e+00 0.0000000000e+00 1.0000000000e-02
9.5595595596e-01 1.0000000000e+00 0.0000000000e+00 1.0000000000e-02
9.5795795796e-01 1.0000000000e+00 0.0000000000e+00 1.0000000000e-02
9.5995995996e-01 1.0000000000e+00 0.0000000000e+00 1.0000000000e-02
9.6196196196e-01 1.0000000000e+00 0.0000000000e+00 1.0000000000e-02
9.6396396396e-01 1.0000000000e+00 0.0000000000e+00 1.0000000000e-02
9.6596596597e-01 1.0000000000e+00 0.0000000000e+00 1.0000000000e-02
9.6796796797e-01 1.0000000000e+00 0.0000000000e+00 1.0000000000e-02
9.6996996997e-01 1.0000000000e+00 0.0000000000e+00 1.0000000000e-02
9.7197197197e-01 1.0000000000e+00 0.0000000000e+00 1.0000000000e-02
9.7397397397e-01 1.0000000000e+00 0.0000000000e+00 1.0000000000e-02
9.7597597598e-01 1.0000000000e+00 0.0000000000e+00 1.0000000000e-02
9.7797797798e-01 1.0000000000e+00 0.0000000000e+00 1.0000000000e-02
9.7997997998e-01 1.0000000000e+00 0.0000000000e+00 1.0000000000e-02
9.8198198198e-01 1.0000000000e+00 0.0000000000e+00 1.0000000000e-02
9.8398398398e-01 1.0000000000e+00 0.0000000000e+00 1.0000000000e-02
9.8598598599e-01 1.0000000000e+00 0.0000000000e+00 1.0000000000e-02
9.8798798799e-01 1.0000000000e+00 0.0000000000e+00 1.0000000000e-02
9.8998998999e-01 1.0000000000e+00 0.0000000000e+00 1.0000000000e-02
9.9199199199e-01 1.0000000000e+00 0.0000000000e+00 1.0000000000e-02
9.9399399399e-01 1.0000000000e+00 0.0000000000e+00 1.0000000000e-02
9.9599599600e-01 1.0000000000e+00 0.0000000000e+00 1.0000000000e-02
9.9799799800e-01 1.0000000000e+00 0.0000000000e+00 1.0000000000e-02
1.0000000000e+00 1.0000000000e+00 0.0000000000e+00 1.0000000000e-02
