# 1D Euler DG Solution - Modal Coefficients
# Time: 1.000000000000000e-02
# NX=200, DIM_PK=3
#
# Format: cell_id  x_center  rho_0  rho_1  rho_2  rhou_0  rhou_1  rhou_2  E_0  E_1  E_2  
    0 -9.950000000000000e-01    1.0000000000000000e+00    1.4061231491111658e-16   -1.0238686619493977e-16    9.9999999999999964e+00   -3.3235027729808478e-15   -3.6902661020601724e-15    2.5500000000000005e+03    3.9912177081320487e-13    8.8073881702495367e-13 
    1 -9.850000000000000e-01    1.0000000000000000e+00   -9.9560227100048352e-17    1.5522997442600253e-16    9.9999999999999929e+00    3.6094746491942806e-16   -4.0209531874887341e-15    2.5500000000000005e+03   -3.5706781012762900e-13    3.7462138529195310e-13 
    2 -9.750000000000000e-01    1.0000000000000000e+00    1.6656203684303278e-16    1.3593510267499739e-16    9.9999999999999893e+00   -4.5510832615211502e-15    5.6577413193479048e-15    2.5500000000000005e+03   -7.2269136786263529e-14   -1.3235021827310242e-13 
    3 -9.650000000000000e-01    1.0000000000000000e+00   -2.4864997929423426e-16    1.8911525519443385e-16    9.9999999999999858e+00   -6.3924539943312519e-15    3.5904965357788078e-15    2.5500000000000005e+03   -1.5088896876579624e-13    5.1843682246846174e-13 
    4 -9.550000000000000e-01    1.0000000000000000e+00   -5.0045051594476623e-17   -2.6369176106933022e-16    9.9999999999999893e+00    4.9609567523867340e-15   -5.6921904841777212e-15    2.5500000000000005e+03   -2.2630816039310635e-13   -3.6808884047764057e-13 
    5 -9.450000000000000e-01    1.0000000000000000e+00    2.8204508570340061e-16    1.3857183810514508e-16    9.9999999999999876e+00   -6.0855588721964905e-15    1.1560931176990746e-15    2.5500000000000005e+03    2.1225613299040056e-13   -3.3714205040833151e-13 
    6 -9.349999999999999e-01    9.9999999999999933e-01   -7.2976311986910883e-16    3.5906790469165722e-16    9.9999999999999822e+00    9.7302893691027337e-16   -1.3175252521785372e-15    2.5500000000000005e+03   -1.2962002041656781e-13    4.2962936677689292e-13 
    7 -9.250000000000000e-01    1.0000000000000000e+00    1.2147051930335911e-15   -6.8412074403901924e-17    9.9999999999999822e+00    3.7367938084054090e-15   -6.4100741994215461e-15    2.5500000000000005e+03    1.1437777818478805e-13   -1.6915328363534349e-13 
    8 -9.150000000000000e-01    1.0000000000000000e+00   -1.1185746368810346e-15   -1.0560009238148140e-16    9.9999999999999876e+00    1.2782152867658613e-15   -5.4739017670333581e-15    2.5500000000000005e+03   -2.1963347612403920e-13    6.7030900829925452e-15 
    9 -9.050000000000000e-01    1.0000000000000000e+00    9.3023678942677707e-16   -4.7706585750404669e-16    9.9999999999999822e+00   -8.2338247271418537e-15    3.8274682526162416e-15    2.5500000000000005e+03   -2.8843266419523652e-13   -3.5774319819129899e-13 
   10 -8.950000000000000e-01    1.0000000000000000e+00   -5.3069406519249203e-16    4.3932420047708463e-16    9.9999999999999751e+00    5.2343570504853355e-17    4.6115734796931405e-15    2.5500000000000005e+03   -6.2721896442624461e-14   -3.1228948383084822e-13 
   11 -8.850000000000000e-01    1.0000000000000000e+00    6.3323491935820694e-18   -1.0812408495017834e-16    9.9999999999999751e+00   -2.0959222844404743e-15    4.4110919792240536e-17    2.5500000000000005e+03   -4.4556296672839650e-13   -1.1001103880369637e-13 
   12 -8.750000000000000e-01    1.0000000000000000e+00   -2.6943378644991365e-16   -2.8997528797259882e-16    9.9999999999999805e+00    1.8937143033152220e-15   -2.6891737617233917e-15    2.5500000000000005e+03   -8.2253822833394334e-14    3.0822274024391720e-14 
   13 -8.650000000000000e-01    1.0000000000000000e+00    2.6967296671869407e-16   -4.4090827448850428e-16    9.9999999999999769e+00   -7.5183056995863825e-15   -1.7844834153760014e-15    2.5500000000000005e+03   -4.4556296672839630e-13   -3.4735611770315742e-13 
   14 -8.550000000000000e-01    9.9999999999999933e-01   -7.3698267386101039e-16    6.7769158909248577e-17    9.9999999999999716e+00   -2.9691608037619402e-15   -1.9724681611640319e-15    2.5500000000000005e+03    2.2386847957010368e-13   -1.6009744177343578e-13 
   15 -8.450000000000000e-01    9.9999999999999867e-01    1.9769102333455486e-16    4.2610756628001801e-16    9.9999999999999716e+00    2.2006094254506267e-15    4.5275166868216641e-15    2.5500000000000005e+03   -2.0981283221572706e-13    4.6371025382570659e-13 
   16 -8.350000000000000e-01    9.9999999999999933e-01    1.5882772410021279e-17   -6.9500575738033293e-17    9.9999999999999769e+00    1.2799240590450118e-15   -3.0855283503794434e-15    2.5500000000000005e+03   -3.6699781546180450e-13   -3.7955832045113405e-14 
   17 -8.250000000000001e-01    1.0000000000000000e+00    8.0618462235381537e-17   -8.5521722236901539e-16    9.9999999999999893e+00    8.7980001652150866e-15   -5.2374306670743818e-15    2.5500000000000005e+03   -2.0813049097022262e-13   -3.4084506306204245e-13 
   18 -8.150000000000001e-01    1.0000000000000000e+00    5.4578308128823668e-16   -1.0060123062246559e-16    9.9999999999999964e+00    4.0436889305403763e-15   -3.9976111207848784e-15    2.5500000000000005e+03   -3.6351243643988608e-14    8.6829565831346168e-14 
   19 -8.050000000000000e-01    9.9999999999999933e-01   -8.5922114973642695e-16    3.6078418425671894e-16    9.9999999999999858e+00   -1.5243256916885811e-14    2.1781946611950856e-15    2.5500000000000005e+03    2.6320573591633895e-13   -3.8789497898790212e-14 
   20 -7.950000000000000e-01    1.0000000000000000e+00    8.4340501021571909e-16   -5.6275571696640115e-16    9.9999999999999893e+00    7.7755860155248036e-15   -4.5978600263038941e-15    2.5500000000000005e+03   -2.3596476216262200e-13    4.4099204766063316e-13 
   21 -7.850000000000000e-01    1.0000000000000000e+00   -3.5572133998358005e-16    2.3262193699415593e-16    9.9999999999999822e+00   -1.0688985704222243e-14    8.1757409849909175e-15    2.5500000000000005e+03   -4.5532892992377091e-13   -3.7404689440094669e-13 
   22 -7.750000000000000e-01    9.9999999999999933e-01   -1.3113999078501851e-16    3.3383436809721188e-16    9.9999999999999662e+00   -6.3924539943320802e-15   -6.5330455739634746e-15    2.5500000000000000e+03    1.2239464976864282e-12    5.6414108414226304e-13 
   23 -7.650000000000000e-01    9.9999999999999867e-01   -1.9266995656588006e-16    5.0006889923682269e-16    9.9999999999999645e+00    1.1614338200631616e-14   -7.7033095111171030e-15    2.5500000000000005e+03    2.1920422082415925e-13    4.0488690838365896e-13 
   24 -7.550000000000000e-01    9.9999999999999933e-01    7.4157966300315794e-16    1.6372389394315308e-16    9.9999999999999716e+00   -2.8097325397168971e-15    2.2295912533407453e-15    2.5500000000000005e+03   -1.2289065543455811e-13    4.4125893617549181e-13 
   25 -7.450000000000000e-01    1.0000000000000000e+00   -1.6196504770090355e-16    4.6892131256498920e-17    9.9999999999999822e+00    6.1902460132066611e-15   -4.1468281399272180e-15    2.5500000000000005e+03   -4.6514957383210867e-13   -1.9330076852509844e-13 
   26 -7.350000000000000e-01    1.0000000000000000e+00   -1.0120348655608593e-17   -4.8997018023834409e-16    9.9999999999999822e+00   -1.1302775948492351e-14   -5.4566204946004497e-15    2.5500000000000005e+03    5.5934335227268079e-13   -3.9010762514467127e-13 
   27 -7.250000000000000e-01    1.0000000000000000e+00    2.6371229582309020e-16   -8.6914512337684737e-17    9.9999999999999822e+00    1.5090204555123505e-14    1.0363323512588504e-15    2.5500000000000005e+03   -4.2586699819881024e-13   -2.4026535572360414e-13 
   28 -7.150000000000000e-01    1.0000000000000000e+00   -6.7953763848194164e-17   -2.5984220762594842e-17    9.9999999999999893e+00   -4.5510832615210556e-15   -1.5189035613313393e-16    2.5500000000000005e+03    3.0080597030412758e-13   -5.5351849188612841e-13 
   29 -7.050000000000000e-01    1.0000000000000000e+00    1.0897915209240913e-16    1.6534823736219905e-16    9.9999999999999822e+00   -2.4011086342966792e-15   -7.8006363781519276e-16    2.5500000000000005e+03   -4.8810086342681347e-13    3.4971755554609944e-13 
   30 -6.950000000000000e-01    1.0000000000000000e+00   -5.5210966370680940e-17    4.8350196887995587e-16    9.9999999999999787e+00   -1.0735081347489550e-15    1.5945561903811834e-15    2.5500000000000005e+03   -2.6873669566566622e-13   -1.1014090525989614e-13 
   31 -6.849999999999999e-01    9.9999999999999933e-01   -4.8516602006741830e-16    9.9487949703155585e-16    9.9999999999999574e+00   -1.6828596919203815e-14    1.5899819349196337e-14    2.5500000000000005e+03    2.5181211218836225e-13    2.5591258741562692e-13 
   32 -6.749999999999999e-01    9.9999999999999778e-01   -1.7055937035330046e-15    4.4028444518592635e-16    9.9999999999999503e+00    6.6613381477436107e-16   -1.9244590580475041e-15    2.5500000000000005e+03    1.6017099594835999e-13    6.8785401547606926e-13 
   33 -6.649999999999999e-01    9.9999999999999911e-01    2.7736211121026363e-15   -2.7295001173158817e-18    9.9999999999999680e+00    1.7545365532204464e-14    3.8308323758211493e-15    2.5500000000000005e+03   -1.4898790466851903e-13    3.7963043123271858e-13 
   34 -6.549999999999999e-01    1.0000000000000000e+00   -1.6120331968737353e-15    7.9323872444934164e-16    9.9999999999999716e+00   -1.4064832047708944e-14    1.0424809596700655e-14    2.5500000000000005e+03   -1.7042089515657197e-13    2.1713535904215110e-13 
   35 -6.450000000000000e-01    1.0000000000000000e+00    1.4137475481433731e-15    8.7168789979672075e-16    9.9999999999999662e+00    7.4178265017465806e-15    4.2369523236506439e-15    2.5500000000000005e+03   -5.4393344795041977e-13    7.8652566556797442e-14 
   36 -6.350000000000000e-01    1.0000000000000000e+00   -2.0364516573014511e-15   -1.1238792756385850e-16    9.9999999999999680e+00   -5.1648735057915131e-15   -3.9295940482670833e-15    2.5500000000000005e+03    2.4199146828004994e-13   -5.2304364300512855e-13 
   37 -6.250000000000000e-01    1.0000000000000000e+00    1.8716258642871541e-15   -5.3091282046624763e-16    9.9999999999999751e+00    1.2635043578043202e-14   -5.2881434981734992e-16    2.5500000000000005e+03    2.1236549441626910e-13    3.0119595794699304e-13 
   38 -6.150000000000000e-01    1.0000000000000000e+00   -1.2204400334438805e-15    7.8528166380834919e-16    9.9999999999999787e+00   -2.4011086342962583e-15    9.1398678194453625e-15    2.5500000000000005e+03   -2.3927476394068723e-13    3.8222391704138494e-13 
   39 -6.050000000000000e-01    1.0000000000000000e+00    2.3966936548914131e-16   -4.2877881177518396e-16    9.9999999999999911e+00    8.3368030958725696e-15    6.3012898579943167e-16    2.5500000000000005e+03   -5.8283325859315964e-13   -3.4080362486025282e-13 
   40 -5.950000000000000e-01    1.0000000000000000e+00    6.1477566452221791e-17    2.9128991255698067e-16    9.9999999999999822e+00   -1.7133783269059098e-14    3.9194581579952618e-15    2.5500000000000005e+03    1.9294292945137897e-13   -4.3985227484357995e-13 
   41 -5.850000000000001e-01    1.0000000000000000e+00    2.4004004398199891e-16    8.4606654208485021e-16    9.9999999999999787e+00    1.2635043578042697e-14    7.7160684623977319e-15    2.5500000000000005e+03   -6.2412625974957130e-13    7.8730743599603766e-14 
   42 -5.750000000000001e-01    1.0000000000000000e+00    1.0738963985353843e-16    2.0049043247850681e-15    9.9999999999999822e+00   -5.3700398446404688e-15    1.9773818251866246e-14    2.5500000000000005e+03    2.3206146294585172e-13   -8.9558608414700439e-13 
   43 -5.650000000000001e-01    1.0000000000000000e+00   -1.2559004773253502e-16    2.8934737032747756e-15    9.9999999999999716e+00   -3.3235027729810824e-15    3.1119044256732124e-14    2.5500000000000005e+03    3.0097001244292119e-13    2.2674121079639911e-13 
   44 -5.550000000000000e-01    1.0000000000000000e+00    1.6303412867974144e-15    7.0667950583786783e-15    9.9999999999999698e+00    1.4474705538574360e-14    7.4989502238664028e-14    2.5500000000000005e+03    4.6808500102321002e-13    1.0972869894057675e-12 
   45 -5.450000000000000e-01    1.0000000000000000e+00    8.1289723265896293e-16    1.4780829338584421e-14    9.9999999999999769e+00   -1.7744155968770929e-14    1.1149939270331476e-13    2.5500000000000005e+03    1.9894099154062289e-12    3.5310715704354485e-12 
   46 -5.350000000000000e-01    9.9999999999999600e-01   -2.0359403620773552e-15    2.6775186430677573e-14    1.0000000000000053e+01    1.2181019231447573e-13    2.2497436743810929e-13    2.5499999999999895e+03   -1.1980660187533319e-11    5.3754642584893860e-12 
   47 -5.250000000000000e-01    1.0000000000000007e+00   -9.2714677546098984e-15    2.0535910088538894e-14    9.9999999999999467e+00    2.4235424441348044e-13    9.6697186173857594e-13    2.5500000000000023e+03   -2.9103319178200248e-11   -6.2827044573036327e-11 
   48 -5.150000000000000e-01    1.0000000000000036e+00    6.5682320119222419e-14    1.1326686764689325e-13    9.9999999999997904e+00   -1.9222182898706076e-12   -9.1078003989462497e-13    2.5500000000000173e+03    2.1867646059312106e-10    1.7526855572621048e-10 
   49 -5.050000000000000e-01    9.9999999999989542e-01   -1.7098216392597855e-13    1.1725848294293067e-13    1.0000000000002638e+01    4.1187129846595797e-12   -9.5551760271574117e-13    2.5499999999996803e+03   -4.9623404692103203e-10    1.8579431128375293e-10 
   50 -4.950000000000000e-01    1.0000000000001807e+00   -3.2921334353877049e-13   -8.7600522807255369e-13    9.9999999999946549e+00    7.2918902917725261e-12    2.3388173185480597e-11    2.5500000000006030e+03   -9.0032578864825680e-10   -2.7308585915800059e-09 
   51 -4.850000000000000e-01    1.0000000000003118e+00    2.8735454923009771e-12    2.3260930998581502e-12    9.9999999999908002e+00   -8.3691504930551977e-11   -7.6755241368237636e-11    2.5500000000010382e+03    9.5336677773715524e-09    8.4714242878672273e-09 
   52 -4.750000000000000e-01    9.9999999999610756e-01   -9.6654965211453218e-12   -2.5773412679753988e-12    1.0000000000105151e+01    2.5256954783343132e-10    1.9875929372762153e-11    2.5499999999877587e+03   -2.9657686115164263e-08   -3.9404115260797272e-09 
   53 -4.650000000000000e-01    1.0000000000134355e+00    6.4807007705254227e-12   -2.8063309700632579e-11    9.9999999996283933e+00   -2.0741346385030083e-10    6.1566246189620632e-10    2.5500000000429332e+03    2.3066958411009434e-08   -7.6280508020631137e-08 
   54 -4.550000000000000e-01    9.9999999997899158e-01    6.5839090939254881e-11    1.0899143062313484e-10    1.0000000000569136e+01   -1.8740818683478540e-09   -3.4018819745068904e-09    2.5499999999338479e+03    2.1485891476297976e-07    3.8069859834545853e-07 
   55 -4.450000000000000e-01    9.9999999995531830e-01   -4.0276121492346392e-10   -3.4557803358906686e-10    1.0000000001210108e+01    1.0885684409218859e-08    8.4337477082760002e-09    2.5499999998593335e+03   -1.2660200607873092e-06   -1.0105442519834330e-06 
   56 -4.349999999999999e-01    1.0000000004414964e+00    1.2863231438143431e-09    3.1458323109495219e-10    9.9999999878630312e+00   -3.5617266298354080e-08   -1.1134910839238634e-08    2.5500000014048383e+03    4.1144504005453831e-06    1.2087614428636124e-06 
   57 -4.250000000000000e-01    9.9999999811576878e-01   -2.8528256550661560e-09    8.0717967913687086e-10    1.0000000051587111e+01    7.7432556123864083e-08   -2.8020335607518771e-08    2.5499999940220059e+03   -8.9947614379185281e-06    3.0555477568321284e-06 
   58 -4.150000000000000e-01    1.0000000059494356e+00    3.2499625944898185e-09   -8.3021303695472257e-09    9.9999998367260137e+00   -9.0848548159996844e-08    2.1402983373248719e-07    2.5500000189078487e+03    1.0467179339789796e-05   -2.5231185429103092e-05 
   59 -4.050000000000000e-01    9.9999998404034696e-01    5.1903789595529084e-09    3.1245299914402380e-08    1.0000000437196526e+01   -1.4621504228868602e-07   -8.8766392032258538e-07    2.5499999493450546e+03    1.6810649671266464e-05    1.0182175505680873e-04 
   60 -3.950000000000000e-01    1.0000000396406628e+00   -4.8383266641541910e-08   -1.0499711648420701e-07    9.9999989123659301e+00    1.3176858818496274e-06    2.8081617098678119e-06    2.5500001259609057e+03   -1.5292060768853520e-04   -3.2756381356595496e-04 
   61 -3.850000000000000e-01    9.9999989524511446e-01    1.8695126856677072e-07    2.9386231573693126e-07    1.0000002870142444e+01   -5.1455398747512959e-06   -8.2166523652039278e-06    2.5499996674726708e+03    5.9539511782247766e-04    9.4662079395249578e-04 
   62 -3.750000000000000e-01    1.0000003238601256e+00   -5.4225640431875112e-07   -8.3569209720469824e-07    9.9999911165645532e+00    1.4821359656900698e-05    2.2548726008417201e-05    2.5500010288851395e+03   -1.7183192495013354e-03   -2.6236870304924610e-03 
   63 -3.650000000000000e-01    9.9999856539675414e-01    7.6322368040442306e-07    1.9889683879461669e-06    1.0000039322004541e+01   -2.1028710736120249e-05   -5.5356025881806684e-05    2.5499954447631799e+03    2.4325384129826955e-03    6.3855845087420551e-03 
   64 -3.550000000000000e-01    1.0000035723775333e+00   -8.6314700277070668e-07   -5.2266572018778458e-06    9.9999020347181435e+00    2.3427178115878679e-05    1.4141773113803479e-04    2.5500113471835230e+03   -2.7213828683768067e-03   -1.6441981697701460e-02 
   65 -3.450000000000000e-01    9.9996312402260379e-01   -4.0605506632315285e-05   -8.8761326611888352e-06    1.0001010918858317e+01    1.1126514240031211e-03    2.3901886952263482e-04    2.5498828945284877e+03   -1.2890743215889516e-01   -2.7828996997066945e-02 
   66 -3.350000000000000e-01    9.9985401478874436e-01   -6.9230755117125187e-05   -9.3520159132590676e-06    1.0004001783076864e+01    1.8963769480160363e-03    2.4649040604757185e-04    2.5495364118479911e+03   -2.1973838383585742e-01   -2.8878490411346790e-02 
   67 -3.250000000000000e-01    9.9964970852047441e-01   -1.4823300028341948e-04   -3.1039875086574491e-05    1.0009600613727363e+01    4.0588760280444482e-03    8.2789277163079593e-04    2.5488877067400467e+03   -4.7040660003813661e-01   -9.6681781080296417e-02 
   68 -3.149999999999999e-01    9.9908080651426956e-01   -4.8242453950944018e-04   -1.3141236884801208e-04    1.0025179963714310e+01    1.3200066085997475e-02    3.5432157812215048e-03    2.5470819150519064e+03   -1.5305459046339149e+00   -4.1275381037301745e-01 
   69 -3.049999999999999e-01    9.9744872007480379e-01   -1.1680782060862610e-03   -1.8041112323229005e-04    1.0069790259232999e+01    3.1878291491269840e-02    4.7948810795865569e-03    2.5419057935965120e+03   -3.7016598970609915e+00   -5.6212481074375753e-01 
   70 -2.950000000000000e-01    9.9403472335436505e-01   -2.4029280403241732e-03   -4.3373999895718232e-04    1.0162704266725607e+01    6.5211658944265727e-02    1.1465369667556131e-02    2.5310993033541822e+03   -7.5961050218187314e+00   -1.3506224134152303e+00 
   71 -2.850000000000000e-01    9.8706362418073912e-01   -4.6120325002822395e-03   -5.5300152560270829e-04    1.0350743299685709e+01    1.2372924446597428e-01    1.4130958911390715e-02    2.5091208500733010e+03   -1.4505950736150156e+01   -1.6981862845982532e+00 
   72 -2.750000000000000e-01    9.7591202627714846e-01   -6.4140769158877037e-03   -3.6393476010709858e-04    1.0646984718533620e+01    1.6884249640210200e-01    8.4890683896241131e-03    2.4741978577029040e+03   -2.0008138369043508e+01   -1.0769083823881775e+00 
   73 -2.650000000000000e-01    9.6199738949824110e-01   -7.4163597701196919e-03   -2.0829376193036127e-04    1.1008714723560336e+01    1.9046027960721504e-01    4.0170342020039579e-03    2.4310260647639075e+03   -2.2891774474544665e+01   -5.7537381890137418e-01 
   74 -2.550000000000000e-01    9.4656424121506477e-01   -7.9823524937399325e-03   -1.3156304899487360e-04    1.1399489002242483e+01    1.9923889582653959e-01    1.7246067294797648e-03    2.3836681889683177e+03   -2.4350148280537290e+01   -3.2302549891452959e-01 
   75 -2.450000000000000e-01    9.3020078927472072e-01   -8.3694403140800490e-03   -9.9119839544452130e-05    1.1801627523200246e+01    2.0246346299295920e-01    6.5429772271621833e-04    2.3340605134173375e+03   -2.5215162394107409e+01   -2.1215055640490377e-01 
   76 -2.350000000000000e-01    9.1313818172882499e-01   -8.6855612026672420e-03   -7.9562519058011451e-05    1.2207372734515747e+01    2.0301168469508393e-01    1.5709252863163603e-05    2.2829955130591366e+03   -2.5824575541155411e+01   -1.4846538685985156e-01 
   77 -2.250000000000000e-01    8.9550771380206018e-01   -8.9344445361575209e-03   -5.8031695487068598e-05    1.2611872908198128e+01    2.0113677437688371e-01   -6.6741169492922497e-04    2.2309362812002637e+03   -2.6199173559328326e+01   -7.7816365796406828e-02 
   78 -2.150000000000000e-01    8.7747390542417336e-01   -9.0860034415709001e-03   -3.2434407804511969e-05    1.3009867285002668e+01    1.9647527112047453e-01   -1.3822954456066613e-03    2.1784251521663127e+03   -2.6269636093501859e+01    2.1307069355493979e-03 
   79 -2.050000000000000e-01    8.5923860756015435e-01   -9.1361250936029242e-03   -6.8854340407155726e-06    1.3395820007222500e+01    1.8918466079210228e-01   -1.9485582426022954e-03    2.1260848396660740e+03   -2.6034135999481371e+01    7.3171546562678991e-02 
   80 -1.950000000000000e-01    8.4099098101884107e-01   -9.1029335947122800e-03    1.1415859852623861e-05    1.3765189933114977e+01    1.7998442612155349e-01   -2.3499256090386417e-03    2.0744648196973353e+03   -2.5561047006423770e+01    1.2464397548010631e-01 
   81 -1.849999999999999e-01    8.2287305521301735e-01   -9.0088587216958955e-03    2.4921286219174461e-05    1.4114944895413895e+01    1.6966645224361043e-01   -2.5804394926302876e-03    2.0239572796224186e+03   -2.4931216062999098e+01    1.5870740852705101e-01 
   82 -1.749999999999999e-01    8.0498579097638745e-01   -8.8731515664665066e-03    3.6498000395740991e-05    1.4443349265867932e+01    1.5868308598455233e-01   -2.7067678645346857e-03    1.9748165038630978e+03   -2.4198403957732268e+01    1.8388365627085168e-01 
   83 -1.650000000000000e-01    7.8741328065246030e-01   -8.6937550271351978e-03    4.8109345306030903e-05    1.4749361397604225e+01    1.4725825053469033e-01   -2.8399375340626351e-03    1.9272338806187377e+03   -2.3370693373377787e+01    2.1101544930470695e-01 
   84 -1.550000000000000e-01    7.7025562446921747e-01   -8.4530422172704074e-03    6.7933957014743116e-05    1.5031938731584711e+01    1.3523089831395807e-01   -2.9879671715674350e-03    1.8814354943422259e+03   -2.2404053246727074e+01    2.5353212059032160e-01 
   85 -1.450000000000000e-01    7.5367628150804789e-01   -8.1092351534428481e-03    9.8329567588123067e-05    1.5289564137996585e+01    1.2221769784991396e-01   -3.2629814093100250e-03    1.8377922006298916e+03   -2.1198226356000063e+01    3.2435419928678755e-01 
   86 -1.350000000000000e-01    7.3794807906062887e-01   -7.5882959957964229e-03    1.5111567527690563e-04    1.5519667227412436e+01    1.0761755742645884e-01   -3.6791269892427030e-03    1.7969429286211841e+03   -1.9579564909463066e+01    4.4542300052207917e-01 
   87 -1.250000000000000e-01    7.2353248106831247e-01   -6.7827355416237821e-03    2.2821999768673357e-04    1.5718193292538807e+01    9.0532094674468988e-02   -4.2689447896359714e-03    1.7599684955965270e+03   -1.7289683164402952e+01    6.2476493331013927e-01 
   88 -1.150000000000000e-01    7.1107516918864833e-01   -5.6210228694727350e-03    3.2102071897300178e-04    1.5880051933606483e+01    7.0961687875587737e-02   -4.8568180771726109e-03    1.7283740958029241e+03   -1.4181530460110656e+01    8.3690865677647608e-01 
   89 -1.050000000000000e-01    7.0160828796417019e-01   -3.6602214838464590e-03    6.1675433697142685e-04    1.5997026626258609e+01    4.4140518658008332e-02   -7.7471655903132448e-03    1.7045808418570289e+03   -9.1600392509081061e+00    1.5541730773172202e+00 
   90 -9.499999999999997e-02    6.9688852176457849e-01   -1.2852743682718391e-03    3.0902561902463124e-04    1.6053372467905653e+01    1.5154382182181604e-02   -3.6701598017917572e-03    1.6927887613844025e+03   -3.2050590152382297e+00    7.7130808199161394e-01 
   91 -8.499999999999996e-02    6.9539498680284229e-01   -3.9081529508177150e-04    4.2047912602323652e-05    1.6070908316816077e+01    4.5470828420412241e-03   -4.9717026726291830e-04    1.6890674021245397e+03   -9.7174804612234822e-01    1.0493781473748384e-01 
   92 -7.499999999999996e-02    6.9497643138087128e-01   -8.0439879423904379e-05   -1.6803565475300026e-05    1.6075792419662466e+01    9.5917142096115079e-04    1.9576205380962536e-04    1.6880256445601433e+03   -2.0154708733709076e-01   -4.1801915563666164e-02 
   93 -6.499999999999995e-02    6.9493467938512854e-01    6.4032204763688006e-05    3.1353623822254727e-05    1.6076279092055856e+01   -7.7052285135265086e-04   -3.6495189837575998e-04    1.6879217761172708e+03    1.6090117635620563e-01    7.7978350155065074e-02 
   94 -5.499999999999993e-02    6.9517571206349860e-01    1.9880745865629541e-04    6.4167312304718311e-05    1.6073468016674621e+01   -2.2953604781032885e-03   -7.5509120708370061e-04    1.6885216496930834e+03    4.9326012413951520e-01    1.6006508126786381e-01 
   95 -4.500000000000003e-02    6.9607404171589105e-01    7.6740458880327574e-04    1.8022914303953834e-04    1.6062953442003298e+01   -9.0247935842033972e-03   -2.1305408634821046e-03    1.6907587623336797e+03    1.9132657200421044e+00    4.4938704328999324e-01 
   96 -3.500000000000002e-02    6.9768988490409001e-01    5.3753032491763689e-04   -2.7576482578200068e-04    1.6043932199260805e+01   -6.3276810838202996e-03    3.2530286100331072e-03    1.6947864552044371e+03    1.3391426347633311e+00   -6.8753960537001002e-01 
   97 -2.500000000000002e-02    6.9859725460539468e-01    5.1944293476603319e-04   -1.5224817322736958e-05    1.6033177839066642e+01   -6.1952811378291469e-03    1.7766343299567685e-04    1.6970508447577488e+03    1.2983715532408060e+00   -3.8041833542875103e-02 
   98 -1.500000000000001e-02    6.9938113631128029e-01    2.8849546486271017e-04    8.6765286928072217e-06    1.6023860416534063e+01   -3.4113653941868372e-03   -1.1798390505951203e-04    1.6990076586025446e+03    7.1882446305721970e-01    2.2544251861165598e-02 
   99 -5.000000000000000e-03    6.9992740496341566e-01    2.3895129872555151e-04   -2.1138533620996775e-05    1.6017323696553241e+01   -2.8822809460475637e-03    2.7261258584307499e-04    1.7003735031164085e+03    5.9882002110595112e-01   -5.4157146886558843e-02 
  100 5.000000000000009e-03    7.0033910725922877e-01    1.6428171556119697e-04   -3.0227424562312804e-05    1.6012412011066907e+01   -1.9556402069267329e-03    3.3656588805624777e-04    1.7014015824963883e+03    4.0989015565436010e-01   -7.3942634575345917e-02 
  101 1.500000000000002e-02    7.0065187986696043e-01    1.4263819266974951e-04   -3.1502914695527672e-05    1.6008662065146225e+01   -1.7043245205739554e-03    3.7500125823587748e-04    1.7021835909905276e+03    3.5621814449345168e-01   -7.8601829164042611e-02 
  102 2.500000000000003e-02    7.0084106991572570e-01    6.6928853206731591e-05    3.8819865200143120e-07    1.6006242452103773e+01   -9.6329491497636113e-04    8.5212427825084750e-06    1.7026662431958955e+03    1.7762505916189664e-01    1.2211068436700917e-04 
  103 3.500000000000004e-02    7.0094192946515532e-01    1.3559258928384816e-05   -2.8848104923951118e-05    1.6004945035594424e+01   -9.6593699268871473e-05    3.2376531280522774e-04    1.7029239934751811e+03    2.9636192216779024e-02   -7.0688540404656913e-02 
  104 4.500000000000005e-02    7.0098824742967836e-01    3.7230006024233820e-05   -1.3436257560675321e-05    1.6004396063696852e+01   -4.5197860619536774e-04    2.3213703560538845e-04    1.7030393223002829e+03    9.3404612572950213e-02   -3.8139334115459028e-02 
  105 5.500000000000006e-02    7.0106100858658515e-01    5.3680252850566278e-05    1.4712894708443891e-05    1.6003694148966627e+01   -5.5655679917510277e-04   -2.4666874062656942e-04    1.7032102467133170e+03    1.2859828853338248e-01    4.1284230190541504e-02 
  106 6.500000000000006e-02    7.0118417297935753e-01    6.3749165641502917e-05    3.9630862414648455e-06    1.6002238883639510e+01   -8.3363073619530537e-04   -1.4395324037273281e-04    1.7035167166930328e+03    1.6376964434910890e-01    1.6095462279524832e-02 
  107 7.500000000000007e-02    7.0132276548668526e-01    5.9109831516872765e-05   -1.5496881231958026e-05    1.5999764805301194e+01   -1.3472805540402440e-03    3.1219014571354518e-04    1.7039152869751058e+03    1.8876602203180431e-01   -4.6857434986800540e-02 
  108 8.500000000000008e-02    7.0142278128369728e-01    6.2219682030621373e-05    1.1848236895352018e-05    1.5998472493748251e+01   -2.8817934308387647e-04   -2.6472396102410640e-04    1.7041711504546204e+03    1.2599012496415007e-01    3.7491620777828874e-02 
  109 9.500000000000008e-02    7.0154880525033014e-01    5.3505029206653599e-05   -6.4923735080808534e-07    1.5996555464262157e+01   -1.5151205411335564e-03   -4.5957250060236902e-05    1.7045121053208750e+03    1.8986007164885277e-01    1.8334141241758278e-03 
  110 1.050000000000001e-01    7.0171773812736649e-01    1.0477678324679612e-04   -1.7866586880516161e-05    1.5994151029661662e+01   -4.5843116256660192e-04    4.5659379729996757e-04    1.7049584735865683e+03    2.1038996169816251e-01   -6.0226415422864818e-02 
  111 1.150000000000001e-01    7.0184933985256637e-01    4.3720251095801982e-05    6.6625947572174510e-06    1.5993386895295380e+01   -1.0980295457330639e-03   -6.8583643213230129e-04    1.7052348844880310e+03    1.4618548447932825e-01    5.5646225536470528e-02 
  112 1.250000000000001e-01    7.0196088804890289e-01    7.7949177819604604e-05    1.3174236934915941e-05    1.5991026876915184e+01   -5.6521961665995319e-04    2.4035076533144399e-04    1.7055793877812921e+03    1.7092200654167022e-01    7.2467075541795337e-03 
  113 1.350000000000001e-01    7.0218670566321539e-01    1.1229211291823057e-04   -4.5675038005744411e-05    1.5990404226374299e+01   -1.2140707725304273e-04   -1.1666410276944608e-04    1.7060091435628340e+03    2.0156644141201127e-01   -7.1296423839862580e-02 
  114 1.450000000000001e-01    7.0240975986580156e-01    1.5011038322425415e-04   -1.6448856420677582e-05    1.5991449467433721e+01    8.8318679418214431e-04   -1.1979631034487776e-03    1.7063266852216948e+03    2.0210920152643885e-01    4.8753904851385178e-02 
  115 1.549999999999999e-01    7.0279128075503217e-01    2.6899431940218959e-04   -1.5322855293823409e-05    1.5995136571151795e+01    4.0355264971031340e-03   -4.7565377017846282e-04    1.7067473932405733e+03    2.0410796908811585e-01    4.1888963741730789e-03 
  116 1.649999999999999e-01    7.0354410976752102e-01    5.4552750194777303e-04    1.0011919557671419e-05    1.6007004499632338e+01    9.9712079886585363e-03    1.0741834318431231e-03    1.7072813688562301e+03    2.9848763080781454e-01   -5.1913373475833025e-02 
  117 1.749999999999999e-01    7.0613968767884416e-01    2.3751597315407685e-03    2.7378968836151317e-04    1.6061553327686507e+01    5.1141007234982529e-02    5.7732380425219235e-03    1.7082426012536887e+03    8.0012652943803864e-01    9.9495452122005335e-02 
  118 1.849999999999999e-01    7.1649676059057510e-01    9.1777077221694668e-03    1.6642686425788209e-03    1.6292320936931596e+01    2.0665466396464446e-01    3.7316554283233105e-02    1.7112275380278352e+03    2.5039110811265095e+00    4.6228973029231679e-01 
  119 1.950000000000000e-01    7.5417680699386946e-01    3.2601136909784452e-02    7.4614893358471565e-03    1.7143942275649682e+01    7.3900827984378203e-01    1.7034373673122635e-01    1.7212865204151683e+03    8.5578955733587652e+00    1.8800226463866567e+00 
  120 2.050000000000000e-01    8.8358996468043638e-01    1.1063934960221095e-01    2.8040036186844520e-02    2.0080182050485792e+01    2.5112044932862170e+00    6.3747396138859802e-01    1.7550316181015614e+03    2.8762222516811484e+01    7.2117371404623114e+00 
  121 2.150000000000000e-01    1.3206909982010164e+00    3.7375671332982296e-01    9.4615153959980727e-02    3.0008856243191566e+01    8.4865698321296907e+00    2.1460850502377298e+00    1.8684982907519400e+03    9.6627941038342328e+01    2.4323931449049038e+01 
  122 2.250000000000000e-01    2.6802228782388373e+00    9.9553962441709509e-01    5.1343759107322945e-02    6.0884880028175388e+01    2.2604971351727336e+01    1.1600472322412836e+00    2.2199375340773672e+03    2.5706386180059667e+02    1.3262041940769713e+01 
  123 2.350000000000000e-01    4.4012657944009668e+00    5.6709486333053849e-01   -1.5637384420340139e-01    9.9950235341803364e+01    1.2863327812469665e+01   -3.5572041877104397e+00    2.6642568701157461e+03    1.4635267204836407e+02   -4.0229068164166002e+01 
  124 2.450000000000000e-01    5.0971494094833067e+00    2.1019471612977189e-01   -2.9063495067146478e-02    1.1568907759958168e+02    4.7304116102711822e+00   -6.6492454256694877e-01    2.8422412124730363e+03    5.2736881253573031e+01   -7.4347438220513222e+00 
  125 2.550000000000000e-01    5.3530000796849420e+00    2.7421757416922796e-02   -2.2610076060471690e-02    1.2113963970970063e+02    2.9518075905097502e-01   -5.1147786676284168e-01    2.8903140187666236e+03   -1.0544185434149366e+01   -5.7913400228124665e+00 
  126 2.650000000000000e-01    5.1913383411859710e+00   -2.3920890850106080e-01    3.0674623490797304e-03    1.1467628072764590e+02   -8.2017467578936518e+00    2.9695244209055005e-02    2.6941057709868601e+03   -2.1490170325406061e+02    1.0884428940067465e+00 
  127 2.750000000000000e-01    3.5897624480020038e+00   -1.0547661303187770e+00    6.1060964163840969e-01    6.3450338116717035e+01   -3.0684383256711193e+01    1.7763350306492580e+01    1.3961479048668223e+03   -7.2123828440466252e+02    4.1752862337657149e+02 
  128 2.850000000000000e-01    2.0186018209493413e+00   -3.4664522932848768e-01    4.9338051403144778e-01    1.9611132703535194e+01   -7.5746864081044851e+00    1.0870456134204145e+01    3.7274760268791465e+02   -1.5325167486507857e+02    2.2123978987376557e+02 
  129 2.950000000000000e-01    1.3430362489332217e+00   -1.4434326299882147e-01    2.1651489449823219e-01    4.7894755392946120e+00   -2.1664856261776748e+00    3.2497284392665122e+00    7.2002734573659069e+01   -3.3880498160314332e+01    5.0820747240471498e+01 
  130 3.050000000000000e-01    1.0543497229355787e+00   -2.5751176214627636e-02    3.8626764321941454e-02    4.5650428693926176e-01   -2.2298698950880880e-01    3.3448048426321320e-01    4.2417382530304053e+00   -2.0935729088001063e+00    3.1403593632001594e+00 
  131 3.150000000000001e-01    1.0028473705063234e+00   -1.4032570574238346e-03    2.1048855861357518e-03    1.0530307921644149e-02   -5.2462288452818518e-03    7.8693432679227786e-03    5.4592435430191613e-02   -1.4789020647804640e-02    2.2183530971706958e-02 
  132 3.250000000000001e-01    1.0000408563914758e+00    4.1649773503414281e-06    1.2100426528503997e-04    3.7850231080446985e-05   -1.9239186497494406e-05    2.1501511881226943e-05    2.5014394134582334e-02   -5.3471666537429464e-06    1.5434912330287020e-05 
  133 3.350000000000001e-01    1.0000001746662215e+00   -5.2608877645213822e-07    1.2983275695135314e-06    3.8314043146758846e-08   -1.1530353279951629e-07    2.8597455215536750e-07    2.5000011334802081e-02   -3.4111313613069137e-08    8.4602597146583658e-08 
  134 3.450000000000001e-01    1.0000000006053731e+00   -1.8218989138947532e-09    4.5146159332978588e-09    9.0627920661913315e-11   -2.7268065777097704e-10    6.7666883495965673e-10    2.5000000026808012e-02   -8.0660025709206670e-11    2.0016134664560227e-10 
  135 3.550000000000001e-01    1.0000000000015272e+00   -4.5982876320255002e-12    1.1410772506836114e-11    1.9978813341208271e-13   -6.0100141529835552e-13    1.4921690307355247e-12    2.5000000000059044e-02   -1.7777765435641307e-13    4.4139246729119410e-13 
  136 3.650000000000001e-01    1.0000000000000027e+00   -1.0003622958612667e-14    2.4924012367651427e-14    4.0955542516656732e-16   -1.2325199096327554e-15    3.0532681431484152e-15    2.5000000000000092e-02   -3.6400410867492213e-16    9.0525694902949874e-16 
  137 3.750000000000001e-01    1.0000000000000000e+00   -4.9069059472376791e-17    2.0388843395494299e-16    7.5999056785364371e-19   -2.3390634207702175e-18   -4.2713497328516081e-19    2.5000000000000005e-02   -2.3870409421113167e-19    1.6808664050724995e-18 
  138 3.850000000000001e-01    1.0000000000000000e+00   -2.9522708830275745e-17    1.5707349892257419e-16    0.0000000000000000e+00    3.8518598887744717e-34   -6.2450045135163285e-18    2.5000000000000005e-02    4.3647557770687951e-19    1.6868455981787354e-21 
  139 3.950000000000001e-01    1.0000000000000000e+00   -2.9143354396409553e-17    1.5612511283790884e-16    0.0000000000000000e+00    0.0000000000000000e+00   -6.2450045135163216e-18    2.5000000000000005e-02    4.3715031594615154e-19    0.0000000000000000e+00 
  140 4.049999999999999e-01    1.0000000000000000e+00   -2.9143354396409553e-17    1.5612511283790884e-16    0.0000000000000000e+00    0.0000000000000000e+00   -6.2450045135163216e-18    2.5000000000000005e-02    4.3715031594615154e-19    0.0000000000000000e+00 
  141 4.149999999999999e-01    1.0000000000000000e+00   -2.9143354396409553e-17    1.5612511283790884e-16    0.0000000000000000e+00    0.0000000000000000e+00   -6.2450045135163216e-18    2.5000000000000005e-02    4.3715031594615154e-19    0.0000000000000000e+00 
  142 4.249999999999999e-01    1.0000000000000000e+00   -2.9143354396409553e-17    1.5612511283790884e-16    0.0000000000000000e+00    0.0000000000000000e+00   -6.2450045135163216e-18    2.5000000000000005e-02    4.3715031594615154e-19    0.0000000000000000e+00 
  143 4.349999999999999e-01    1.0000000000000000e+00   -2.9143354396409553e-17    1.5612511283790884e-16    0.0000000000000000e+00    0.0000000000000000e+00   -6.2450045135163216e-18    2.5000000000000005e-02    4.3715031594615154e-19    0.0000000000000000e+00 
  144 4.450000000000000e-01    1.0000000000000000e+00   -2.9143354396409553e-17    1.5612511283790884e-16    0.0000000000000000e+00    0.0000000000000000e+00   -6.2450045135163216e-18    2.5000000000000005e-02    4.3715031594615154e-19    0.0000000000000000e+00 
  145 4.550000000000000e-01    1.0000000000000000e+00   -2.9143354396409553e-17    1.5612511283790884e-16    0.0000000000000000e+00    0.0000000000000000e+00   -6.2450045135163216e-18    2.5000000000000005e-02    4.3715031594615154e-19    0.0000000000000000e+00 
  146 4.650000000000000e-01    1.0000000000000000e+00   -2.9143354396409553e-17    1.5612511283790884e-16    0.0000000000000000e+00    0.0000000000000000e+00   -6.2450045135163216e-18    2.5000000000000005e-02    4.3715031594615154e-19    0.0000000000000000e+00 
  147 4.750000000000000e-01    1.0000000000000000e+00   -2.9143354396409553e-17    1.5612511283790884e-16    0.0000000000000000e+00    0.0000000000000000e+00   -6.2450045135163216e-18    2.5000000000000005e-02    4.3715031594615154e-19    0.0000000000000000e+00 
  148 4.850000000000000e-01    1.0000000000000000e+00   -2.9143354396409553e-17    1.5612511283790884e-16    0.0000000000000000e+00    0.0000000000000000e+00   -6.2450045135163216e-18    2.5000000000000005e-02    4.3715031594615154e-19    0.0000000000000000e+00 
  149 4.950000000000000e-01    1.0000000000000000e+00   -2.9143354396409553e-17    1.5612511283790884e-16    0.0000000000000000e+00    0.0000000000000000e+00   -6.2450045135163216e-18    2.5000000000000005e-02    4.3715031594615154e-19    0.0000000000000000e+00 
  150 5.050000000000000e-01    1.0000000000000000e+00   -2.9143354396409553e-17    1.5612511283790884e-16    0.0000000000000000e+00    0.0000000000000000e+00   -6.2450045135163216e-18    2.5000000000000005e-02    4.3715031594615154e-19    0.0000000000000000e+00 
  151 5.150000000000000e-01    1.0000000000000000e+00   -2.9143354396409553e-17    1.5612511283790884e-16    0.0000000000000000e+00    0.0000000000000000e+00   -6.2450045135163216e-18    2.5000000000000005e-02    4.3715031594615154e-19    0.0000000000000000e+00 
  152 5.250000000000000e-01    1.0000000000000000e+00   -2.9143354396409553e-17    1.5612511283790884e-16    0.0000000000000000e+00    0.0000000000000000e+00   -6.2450045135163216e-18    2.5000000000000005e-02    4.3715031594615154e-19    0.0000000000000000e+00 
  153 5.350000000000000e-01    1.0000000000000000e+00   -2.9143354396409553e-17    1.5612511283790884e-16    0.0000000000000000e+00    0.0000000000000000e+00   -6.2450045135163216e-18    2.5000000000000005e-02    4.3715031594615154e-19    0.0000000000000000e+00 
  154 5.450000000000000e-01    1.0000000000000000e+00   -2.9143354396409553e-17    1.5612511283790884e-16    0.0000000000000000e+00    0.0000000000000000e+00   -6.2450045135163216e-18    2.5000000000000005e-02    4.3715031594615154e-19    0.0000000000000000e+00 
  155 5.550000000000000e-01    1.0000000000000000e+00   -2.9143354396409553e-17    1.5612511283790884e-16    0.0000000000000000e+00    0.0000000000000000e+00   -6.2450045135163216e-18    2.5000000000000005e-02    4.3715031594615154e-19    0.0000000000000000e+00 
  156 5.650000000000001e-01    1.0000000000000000e+00   -2.9143354396409553e-17    1.5612511283790884e-16    0.0000000000000000e+00    0.0000000000000000e+00   -6.2450045135163216e-18    2.5000000000000005e-02    4.3715031594615154e-19    0.0000000000000000e+00 
  157 5.750000000000001e-01    1.0000000000000000e+00   -2.9143354396409553e-17    1.5612511283790884e-16    0.0000000000000000e+00    0.0000000000000000e+00   -6.2450045135163216e-18    2.5000000000000005e-02    4.3715031594615154e-19    0.0000000000000000e+00 
  158 5.850000000000001e-01    1.0000000000000000e+00   -2.9143354396409553e-17    1.5612511283790884e-16    0.0000000000000000e+00    0.0000000000000000e+00   -6.2450045135163216e-18    2.5000000000000005e-02    4.3715031594615154e-19    0.0000000000000000e+00 
  159 5.950000000000001e-01    1.0000000000000000e+00   -2.9143354396409553e-17    1.5612511283790884e-16    0.0000000000000000e+00    0.0000000000000000e+00   -6.2450045135163216e-18    2.5000000000000005e-02    4.3715031594615154e-19    0.0000000000000000e+00 
  160 6.050000000000001e-01    1.0000000000000000e+00   -2.9143354396409553e-17    1.5612511283790884e-16    0.0000000000000000e+00    0.0000000000000000e+00   -6.2450045135163216e-18    2.5000000000000005e-02    4.3715031594615154e-19    0.0000000000000000e+00 
  161 6.150000000000001e-01    1.0000000000000000e+00   -2.9143354396409553e-17    1.5612511283790884e-16    0.0000000000000000e+00    0.0000000000000000e+00   -6.2450045135163216e-18    2.5000000000000005e-02    4.3715031594615154e-19    0.0000000000000000e+00 
  162 6.250000000000001e-01    1.0000000000000000e+00   -2.9143354396409553e-17    1.5612511283790884e-16    0.0000000000000000e+00    0.0000000000000000e+00   -6.2450045135163216e-18    2.5000000000000005e-02    4.3715031594615154e-19    0.0000000000000000e+00 
  163 6.350000000000001e-01    1.0000000000000000e+00   -2.9143354396409553e-17    1.5612511283790884e-16    0.0000000000000000e+00    0.0000000000000000e+00   -6.2450045135163216e-18    2.5000000000000005e-02    4.3715031594615154e-19    0.0000000000000000e+00 
  164 6.450000000000001e-01    1.0000000000000000e+00   -2.9143354396409553e-17    1.5612511283790884e-16    0.0000000000000000e+00    0.0000000000000000e+00   -6.2450045135163216e-18    2.5000000000000005e-02    4.3715031594615154e-19    0.0000000000000000e+00 
  165 6.550000000000001e-01    1.0000000000000000e+00   -2.9143354396409553e-17    1.5612511283790884e-16    0.0000000000000000e+00    0.0000000000000000e+00   -6.2450045135163216e-18    2.5000000000000005e-02    4.3715031594615154e-19    0.0000000000000000e+00 
  166 6.649999999999999e-01    1.0000000000000000e+00   -2.9143354396409553e-17    1.5612511283790884e-16    0.0000000000000000e+00    0.0000000000000000e+00   -6.2450045135163216e-18    2.5000000000000005e-02    4.3715031594615154e-19    0.0000000000000000e+00 
  167 6.749999999999999e-01    1.0000000000000000e+00   -2.9143354396409553e-17    1.5612511283790884e-16    0.0000000000000000e+00    0.0000000000000000e+00   -6.2450045135163216e-18    2.5000000000000005e-02    4.3715031594615154e-19    0.0000000000000000e+00 
  168 6.849999999999999e-01    1.0000000000000000e+00   -2.9143354396409553e-17    1.5612511283790884e-16    0.0000000000000000e+00    0.0000000000000000e+00   -6.2450045135163216e-18    2.5000000000000005e-02    4.3715031594615154e-19    0.0000000000000000e+00 
  169 6.950000000000000e-01    1.0000000000000000e+00   -2.9143354396409553e-17    1.5612511283790884e-16    0.0000000000000000e+00    0.0000000000000000e+00   -6.2450045135163216e-18    2.5000000000000005e-02    4.3715031594615154e-19    0.0000000000000000e+00 
  170 7.050000000000000e-01    1.0000000000000000e+00   -2.9143354396409553e-17    1.5612511283790884e-16    0.0000000000000000e+00    0.0000000000000000e+00   -6.2450045135163216e-18    2.5000000000000005e-02    4.3715031594615154e-19    0.0000000000000000e+00 
  171 7.150000000000000e-01    1.0000000000000000e+00   -2.9143354396409553e-17    1.5612511283790884e-16    0.0000000000000000e+00    0.0000000000000000e+00   -6.2450045135163216e-18    2.5000000000000005e-02    4.3715031594615154e-19    0.0000000000000000e+00 
  172 7.250000000000000e-01    1.0000000000000000e+00   -2.9143354396409553e-17    1.5612511283790884e-16    0.0000000000000000e+00    0.0000000000000000e+00   -6.2450045135163216e-18    2.5000000000000005e-02    4.3715031594615154e-19    0.0000000000000000e+00 
  173 7.350000000000000e-01    1.0000000000000000e+00   -2.9143354396409553e-17    1.5612511283790884e-16    0.0000000000000000e+00    0.0000000000000000e+00   -6.2450045135163216e-18    2.5000000000000005e-02    4.3715031594615154e-19    0.0000000000000000e+00 
  174 7.450000000000000e-01    1.0000000000000000e+00   -2.9143354396409553e-17    1.5612511283790884e-16    0.0000000000000000e+00    0.0000000000000000e+00   -6.2450045135163216e-18    2.5000000000000005e-02    4.3715031594615154e-19    0.0000000000000000e+00 
  175 7.550000000000000e-01    1.0000000000000000e+00   -2.9143354396409553e-17    1.5612511283790884e-16    0.0000000000000000e+00    0.0000000000000000e+00   -6.2450045135163216e-18    2.5000000000000005e-02    4.3715031594615154e-19    0.0000000000000000e+00 
  176 7.650000000000000e-01    1.0000000000000000e+00   -2.9143354396409553e-17    1.5612511283790884e-16    0.0000000000000000e+00    0.0000000000000000e+00   -6.2450045135163216e-18    2.5000000000000005e-02    4.3715031594615154e-19    0.0000000000000000e+00 
  177 7.750000000000000e-01    1.0000000000000000e+00   -2.9143354396409553e-17    1.5612511283790884e-16    0.0000000000000000e+00    0.0000000000000000e+00   -6.2450045135163216e-18    2.5000000000000005e-02    4.3715031594615154e-19    0.0000000000000000e+00 
  178 7.850000000000000e-01    1.0000000000000000e+00   -2.9143354396409553e-17    1.5612511283790884e-16    0.0000000000000000e+00    0.0000000000000000e+00   -6.2450045135163216e-18    2.5000000000000005e-02    4.3715031594615154e-19    0.0000000000000000e+00 
  179 7.950000000000000e-01    1.0000000000000000e+00   -2.9143354396409553e-17    1.5612511283790884e-16    0.0000000000000000e+00    0.0000000000000000e+00   -6.2450045135163216e-18    2.5000000000000005e-02    4.3715031594615154e-19    0.0000000000000000e+00 
  180 8.050000000000000e-01    1.0000000000000000e+00   -2.9143354396409553e-17    1.5612511283790884e-16    0.0000000000000000e+00    0.0000000000000000e+00   -6.2450045135163216e-18    2.5000000000000005e-02    4.3715031594615154e-19    0.0000000000000000e+00 
  181 8.150000000000001e-01    1.0000000000000000e+00   -2.9143354396409553e-17    1.5612511283790884e-16    0.0000000000000000e+00    0.0000000000000000e+00   -6.2450045135163216e-18    2.5000000000000005e-02    4.3715031594615154e-19    0.0000000000000000e+00 
  182 8.250000000000001e-01    1.0000000000000000e+00   -2.9143354396409553e-17    1.5612511283790884e-16    0.0000000000000000e+00    0.0000000000000000e+00   -6.2450045135163216e-18    2.5000000000000005e-02    4.3715031594615154e-19    0.0000000000000000e+00 
  183 8.350000000000001e-01    1.0000000000000000e+00   -2.9143354396409553e-17    1.5612511283790884e-16    0.0000000000000000e+00    0.0000000000000000e+00   -6.2450045135163216e-18    2.5000000000000005e-02    4.3715031594615154e-19    0.0000000000000000e+00 
  184 8.450000000000001e-01    1.0000000000000000e+00   -2.9143354396409553e-17    1.5612511283790884e-16    0.0000000000000000e+00    0.0000000000000000e+00   -6.2450045135163216e-18    2.5000000000000005e-02    4.3715031594615154e-19    0.0000000000000000e+00 
  185 8.550000000000001e-01    1.0000000000000000e+00   -2.9143354396409553e-17    1.5612511283790884e-16    0.0000000000000000e+00    0.0000000000000000e+00   -6.2450045135163216e-18    2.5000000000000005e-02    4.3715031594615154e-19    0.0000000000000000e+00 
  186 8.650000000000001e-01    1.0000000000000000e+00   -2.9143354396409553e-17    1.5612511283790884e-16    0.0000000000000000e+00    0.0000000000000000e+00   -6.2450045135163216e-18    2.5000000000000005e-02    4.3715031594615154e-19    0.0000000000000000e+00 
  187 8.750000000000001e-01    1.0000000000000000e+00   -2.9143354396409553e-17    1.5612511283790884e-16    0.0000000000000000e+00    0.0000000000000000e+00   -6.2450045135163216e-18    2.5000000000000005e-02    4.3715031594615154e-19    0.0000000000000000e+00 
  188 8.850000000000001e-01    1.0000000000000000e+00   -2.9143354396409553e-17    1.5612511283790884e-16    0.0000000000000000e+00    0.0000000000000000e+00   -6.2450045135163216e-18    2.5000000000000005e-02    4.3715031594615154e-19    0.0000000000000000e+00 
  189 8.950000000000001e-01    1.0000000000000000e+00   -2.9143354396409553e-17    1.5612511283790884e-16    0.0000000000000000e+00    0.0000000000000000e+00   -6.2450045135163216e-18    2.5000000000000005e-02    4.3715031594615154e-19    0.0000000000000000e+00 
  190 9.050000000000001e-01    1.0000000000000000e+00   -2.9143354396409553e-17    1.5612511283790884e-16    0.0000000000000000e+00    0.0000000000000000e+00   -6.2450045135163216e-18    2.5000000000000005e-02    4.3715031594615154e-19    0.0000000000000000e+00 
  191 9.149999999999999e-01    1.0000000000000000e+00   -2.9143354396409553e-17    1.5612511283790884e-16    0.0000000000000000e+00    0.0000000000000000e+00   -6.2450045135163216e-18    2.5000000000000005e-02    4.3715031594615154e-19    0.0000000000000000e+00 
  192 9.249999999999999e-01    1.0000000000000000e+00   -2.9143354396409553e-17    1.5612511283790884e-16    0.0000000000000000e+00    0.0000000000000000e+00   -6.2450045135163216e-18    2.5000000000000005e-02    4.3715031594615154e-19    0.0000000000000000e+00 
  193 9.349999999999999e-01    1.0000000000000000e+00   -2.9143354396409553e-17    1.5612511283790884e-16    0.0000000000000000e+00    0.0000000000000000e+00   -6.2450045135163216e-18    2.5000000000000005e-02    4.3715031594615154e-19    0.0000000000000000e+00 
  194 9.450000000000000e-01    1.0000000000000000e+00   -2.9143354396409553e-17    1.5612511283790884e-16    0.0000000000000000e+00    0.0000000000000000e+00   -6.2450045135163216e-18    2.5000000000000005e-02    4.3715031594615154e-19    0.0000000000000000e+00 
  195 9.550000000000000e-01    1.0000000000000000e+00   -2.9143354396409553e-17    1.5612511283790884e-16    0.0000000000000000e+00    0.0000000000000000e+00   -6.2450045135163216e-18    2.5000000000000005e-02    4.3715031594615154e-19    0.0000000000000000e+00 
  196 9.650000000000000e-01    1.0000000000000000e+00   -2.9143354396409553e-17    1.5612511283790884e-16    0.0000000000000000e+00    0.0000000000000000e+00   -6.2450045135163216e-18    2.5000000000000005e-02    4.3715031594615154e-19    0.0000000000000000e+00 
  197 9.750000000000000e-01    1.0000000000000000e+00   -2.9143354396409553e-17    1.5612511283790884e-16    0.0000000000000000e+00    0.0000000000000000e+00   -6.2450045135163216e-18    2.5000000000000005e-02    4.3715031594615154e-19    0.0000000000000000e+00 
  198 9.850000000000000e-01    1.0000000000000000e+00   -2.9143354396409553e-17    1.5612511283790884e-16    0.0000000000000000e+00    0.0000000000000000e+00   -6.2450045135163216e-18    2.5000000000000005e-02    4.3715031594615154e-19    0.0000000000000000e+00 
  199 9.950000000000000e-01    1.0000000000000000e+00   -2.9143354396409553e-17    1.5612511283790884e-16    0.0000000000000000e+00    0.0000000000000000e+00   -6.2450045135163216e-18    2.5000000000000005e-02    4.3715031594615154e-19    0.0000000000000000e+00 
