# 1D Euler DG Solution - Physical Variables
# Time: 1.000000000000000e-02
# NX=200, Polynomial Order=2
# gamma=1.400000000000000e+00
#
# Columns:
#   1: x (cell center)
#   2: rho (density)
#   3: u (velocity)
#   4: p (pressure)
#   5: E (total energy)
#   6: e (internal energy per unit mass)
#   7: Ma (Mach number)
#
-9.950000000000000e-01 1.000000000000000e+00 9.999999999999996e+00 1.000000000000000e+03 2.550000000000000e+03 2.500000000000000e+03 2.672612419124243e-01
-9.850000000000000e-01 1.000000000000000e+00 9.999999999999993e+00 1.000000000000000e+03 2.550000000000000e+03 2.500000000000000e+03 2.672612419124242e-01
-9.750000000000000e-01 1.000000000000000e+00 9.999999999999989e+00 1.000000000000000e+03 2.550000000000000e+03 2.500000000000000e+03 2.672612419124241e-01
-9.650000000000000e-01 1.000000000000000e+00 9.999999999999986e+00 1.000000000000000e+03 2.550000000000000e+03 2.500000000000000e+03 2.672612419124240e-01
-9.550000000000000e-01 1.000000000000000e+00 9.999999999999989e+00 1.000000000000000e+03 2.550000000000000e+03 2.500000000000000e+03 2.672612419124241e-01
-9.450000000000000e-01 1.000000000000000e+00 9.999999999999988e+00 1.000000000000000e+03 2.550000000000000e+03 2.500000000000000e+03 2.672612419124241e-01
-9.349999999999999e-01 9.999999999999993e-01 9.999999999999989e+00 1.000000000000000e+03 2.550000000000000e+03 2.500000000000006e+03 2.672612419124240e-01
-9.250000000000000e-01 1.000000000000000e+00 9.999999999999982e+00 1.000000000000000e+03 2.550000000000000e+03 2.500000000000000e+03 2.672612419124239e-01
-9.150000000000000e-01 1.000000000000000e+00 9.999999999999988e+00 1.000000000000000e+03 2.550000000000000e+03 2.500000000000000e+03 2.672612419124241e-01
-9.050000000000000e-01 1.000000000000000e+00 9.999999999999982e+00 1.000000000000000e+03 2.550000000000000e+03 2.500000000000000e+03 2.672612419124239e-01
-8.950000000000000e-01 1.000000000000000e+00 9.999999999999975e+00 1.000000000000000e+03 2.550000000000000e+03 2.500000000000001e+03 2.672612419124237e-01
-8.850000000000000e-01 1.000000000000000e+00 9.999999999999975e+00 1.000000000000000e+03 2.550000000000000e+03 2.500000000000001e+03 2.672612419124237e-01
-8.750000000000000e-01 1.000000000000000e+00 9.999999999999980e+00 1.000000000000000e+03 2.550000000000000e+03 2.500000000000000e+03 2.672612419124238e-01
-8.650000000000000e-01 1.000000000000000e+00 9.999999999999977e+00 1.000000000000000e+03 2.550000000000000e+03 2.500000000000001e+03 2.672612419124237e-01
-8.550000000000000e-01 9.999999999999993e-01 9.999999999999979e+00 1.000000000000000e+03 2.550000000000000e+03 2.500000000000006e+03 2.672612419124237e-01
-8.450000000000000e-01 9.999999999999987e-01 9.999999999999984e+00 1.000000000000000e+03 2.550000000000000e+03 2.500000000000012e+03 2.672612419124238e-01
-8.350000000000000e-01 9.999999999999993e-01 9.999999999999984e+00 1.000000000000000e+03 2.550000000000000e+03 2.500000000000006e+03 2.672612419124239e-01
-8.250000000000001e-01 1.000000000000000e+00 9.999999999999989e+00 1.000000000000000e+03 2.550000000000000e+03 2.500000000000000e+03 2.672612419124241e-01
-8.150000000000001e-01 1.000000000000000e+00 9.999999999999996e+00 1.000000000000000e+03 2.550000000000000e+03 2.500000000000000e+03 2.672612419124243e-01
-8.050000000000000e-01 9.999999999999993e-01 9.999999999999993e+00 1.000000000000000e+03 2.550000000000000e+03 2.500000000000006e+03 2.672612419124241e-01
-7.950000000000000e-01 1.000000000000000e+00 9.999999999999989e+00 1.000000000000000e+03 2.550000000000000e+03 2.500000000000000e+03 2.672612419124241e-01
-7.850000000000000e-01 1.000000000000000e+00 9.999999999999982e+00 1.000000000000000e+03 2.550000000000000e+03 2.500000000000000e+03 2.672612419124239e-01
-7.750000000000000e-01 9.999999999999993e-01 9.999999999999973e+00 1.000000000000000e+03 2.550000000000000e+03 2.500000000000006e+03 2.672612419124236e-01
-7.650000000000000e-01 9.999999999999987e-01 9.999999999999977e+00 1.000000000000000e+03 2.550000000000000e+03 2.500000000000012e+03 2.672612419124236e-01
-7.550000000000000e-01 9.999999999999993e-01 9.999999999999979e+00 1.000000000000000e+03 2.550000000000000e+03 2.500000000000006e+03 2.672612419124237e-01
-7.450000000000000e-01 1.000000000000000e+00 9.999999999999982e+00 1.000000000000000e+03 2.550000000000000e+03 2.500000000000000e+03 2.672612419124239e-01
-7.350000000000000e-01 1.000000000000000e+00 9.999999999999982e+00 1.000000000000000e+03 2.550000000000000e+03 2.500000000000000e+03 2.672612419124239e-01
-7.250000000000000e-01 1.000000000000000e+00 9.999999999999982e+00 1.000000000000000e+03 2.550000000000000e+03 2.500000000000000e+03 2.672612419124239e-01
-7.150000000000000e-01 1.000000000000000e+00 9.999999999999989e+00 1.000000000000000e+03 2.550000000000000e+03 2.500000000000000e+03 2.672612419124241e-01
-7.050000000000000e-01 1.000000000000000e+00 9.999999999999982e+00 1.000000000000000e+03 2.550000000000000e+03 2.500000000000000e+03 2.672612419124239e-01
-6.950000000000000e-01 1.000000000000000e+00 9.999999999999979e+00 1.000000000000000e+03 2.550000000000000e+03 2.500000000000000e+03 2.672612419124238e-01
-6.849999999999999e-01 9.999999999999993e-01 9.999999999999964e+00 1.000000000000000e+03 2.550000000000000e+03 2.500000000000006e+03 2.672612419124233e-01
-6.749999999999999e-01 9.999999999999978e-01 9.999999999999972e+00 1.000000000000000e+03 2.550000000000000e+03 2.500000000000020e+03 2.672612419124233e-01
-6.649999999999999e-01 9.999999999999991e-01 9.999999999999977e+00 1.000000000000000e+03 2.550000000000000e+03 2.500000000000009e+03 2.672612419124237e-01
-6.549999999999999e-01 1.000000000000000e+00 9.999999999999972e+00 1.000000000000000e+03 2.550000000000000e+03 2.500000000000001e+03 2.672612419124236e-01
-6.450000000000000e-01 1.000000000000000e+00 9.999999999999966e+00 1.000000000000000e+03 2.550000000000000e+03 2.500000000000001e+03 2.672612419124235e-01
-6.350000000000000e-01 1.000000000000000e+00 9.999999999999968e+00 1.000000000000000e+03 2.550000000000000e+03 2.500000000000001e+03 2.672612419124235e-01
-6.250000000000000e-01 1.000000000000000e+00 9.999999999999975e+00 1.000000000000000e+03 2.550000000000000e+03 2.500000000000001e+03 2.672612419124237e-01
-6.150000000000000e-01 1.000000000000000e+00 9.999999999999979e+00 1.000000000000000e+03 2.550000000000000e+03 2.500000000000000e+03 2.672612419124238e-01
-6.050000000000000e-01 1.000000000000000e+00 9.999999999999991e+00 1.000000000000000e+03 2.550000000000000e+03 2.500000000000000e+03 2.672612419124241e-01
-5.950000000000000e-01 1.000000000000000e+00 9.999999999999982e+00 1.000000000000000e+03 2.550000000000000e+03 2.500000000000000e+03 2.672612419124239e-01
-5.850000000000001e-01 1.000000000000000e+00 9.999999999999979e+00 1.000000000000000e+03 2.550000000000000e+03 2.500000000000000e+03 2.672612419124238e-01
-5.750000000000001e-01 1.000000000000000e+00 9.999999999999982e+00 1.000000000000000e+03 2.550000000000000e+03 2.500000000000000e+03 2.672612419124239e-01
-5.650000000000001e-01 1.000000000000000e+00 9.999999999999972e+00 1.000000000000000e+03 2.550000000000000e+03 2.500000000000001e+03 2.672612419124236e-01
-5.550000000000000e-01 1.000000000000000e+00 9.999999999999970e+00 1.000000000000000e+03 2.550000000000000e+03 2.500000000000001e+03 2.672612419124236e-01
-5.450000000000000e-01 1.000000000000000e+00 9.999999999999977e+00 1.000000000000000e+03 2.550000000000000e+03 2.500000000000001e+03 2.672612419124237e-01
-5.350000000000000e-01 9.999999999999960e-01 1.000000000000009e+01 9.999999999999952e+02 2.549999999999990e+03 2.500000000000023e+03 2.672612419124270e-01
-5.250000000000000e-01 1.000000000000001e+00 9.999999999999940e+00 1.000000000000001e+03 2.550000000000002e+03 2.499999999999997e+03 2.672612419124227e-01
-5.150000000000000e-01 1.000000000000004e+00 9.999999999999755e+00 1.000000000000008e+03 2.550000000000017e+03 2.499999999999989e+03 2.672612419124173e-01
-5.050000000000000e-01 9.999999999998954e-01 1.000000000000368e+01 9.999999999998591e+02 2.549999999999680e+03 2.500000000000563e+03 2.672612419125277e-01
-4.950000000000000e-01 1.000000000000181e+00 9.999999999992848e+00 1.000000000000266e+03 2.550000000000603e+03 2.499999999999083e+03 2.672612419122219e-01
-4.850000000000000e-01 1.000000000000312e+00 9.999999999987683e+00 1.000000000000458e+03 2.550000000001038e+03 2.499999999998417e+03 2.672612419120756e-01
-4.750000000000000e-01 9.999999999961076e-01 1.000000000014408e+01 9.999999999946049e+02 2.549999999987759e+03 2.500000000020571e+03 2.672612419164758e-01
-4.650000000000000e-01 1.000000000013435e+00 9.999999999494039e+00 1.000000000018928e+03 2.550000000042933e+03 2.499999999929761e+03 2.672612418981680e-01
-4.550000000000000e-01 9.999999999789916e-01 1.000000000077922e+01 9.999999999708423e+02 2.549999999933848e+03 2.500000000110930e+03 2.672612419343389e-01
-4.450000000000000e-01 9.999999999553183e-01 1.000000000165693e+01 9.999999999379992e+02 2.549999999859333e+03 2.500000000235963e+03 2.672612419590220e-01
-4.349999999999999e-01 1.000000000441496e+00 9.999999983448067e+00 1.000000000619313e+03 2.550000001404838e+03 2.499999997685190e+03 2.672612414462937e-01
-4.250000000000000e-01 9.999999981157688e-01 1.000000007042942e+01 9.999999973647691e+02 2.549999994022006e+03 2.500000009898946e+03 2.672612438950865e-01
-4.150000000000000e-01 1.000000005949436e+00 9.999999777231659e+00 1.000000008335224e+03 2.550000018907849e+03 2.499999968780500e+03 2.672612356398757e-01
-4.050000000000000e-01 9.999999840403470e-01 1.000000059679307e+01 9.999999776700424e+02 2.549999949345055e+03 2.500000083822075e+03 2.672612587136579e-01
-3.950000000000000e-01 1.000000039640663e+00 9.999998515959362e+00 1.000000055527711e+03 2.550000125960906e+03 2.499999791963508e+03 2.672612001267743e-01
-3.850000000000000e-01 9.999998952451145e-01 1.000000391769171e+01 9.999998534133975e+02 2.549999667472671e+03 2.500000550138945e+03 2.672613522071408e-01
-3.750000000000000e-01 1.000000323860126e+00 9.999987877967223e+00 1.000000453564970e+03 2.550001028885139e+03 2.499998300138255e+03 2.672609006049603e-01
-3.650000000000000e-01 9.999985653967541e-01 1.000005366811399e+01 9.999979919246126e+02 2.549995444763180e+03 2.500007532627756e+03 2.672627528870966e-01
-3.550000000000000e-01 1.000003572377533e+00 9.999866311420396e+00 1.000005002178513e+03 2.550011347183523e+03 2.499981247377335e+03 2.672574778730920e-01
-3.450000000000000e-01 9.999631240226038e-01 1.000137972951115e+01 9.999483762356971e+02 2.549882894528488e+03 2.500193630382544e+03 2.673000878570123e-01
-3.350000000000000e-01 9.998540147887444e-01 1.000546243262380e+01 9.997956319359007e+02 2.549536411847991e+03 2.500766842254939e+03 2.674150390452849e-01
-3.250000000000000e-01 9.996497085204744e-01 1.001310812018543e+01 9.995096400589931e+02 2.548887706740047e+03 2.501841408196938e+03 2.676303216688700e-01
-3.149999999999999e-01 9.990808065142696e-01 1.003440352206498e+01 9.987134257933162e+02 2.547081915051906e+03 2.504842085329957e+03 2.682300358537200e-01
-3.049999999999999e-01 9.974487200748038e-01 1.009554682518196e+01 9.964303096222351e+02 2.541905793596512e+03 2.513520201768806e+03 2.699526863416283e-01
-2.950000000000000e-01 9.940347233543650e-01 1.022369141435182e+01 9.916596508700089e+02 2.531099303354182e+03 2.532013694733703e+03 2.735666617828677e-01
-2.850000000000000e-01 9.870636241807391e-01 1.048639930204783e+01 9.819399345666201e+02 2.509120850073301e+03 2.571270040955682e+03 2.809910487629391e-01
-2.750000000000000e-01 9.759120262771485e-01 1.090977919305812e+01 9.664478926109483e+02 2.474197857702904e+03 2.638572237016192e+03 2.930002940758965e-01
-2.650000000000000e-01 9.619973894982411e-01 1.144360145228904e+01 9.472145571458886e+02 2.431026064763907e+03 2.731327968099595e+03 3.082204649059185e-01
-2.550000000000000e-01 9.465642412150648e-01 1.204301673979300e+01 9.260104282115084e+02 2.383668188968318e+03 2.847598651907497e+03 3.254156088253012e-01
-2.450000000000000e-01 9.302007892747207e-01 1.268718287414269e+01 9.036783240470633e+02 2.334060513417337e+03 2.989529643584818e+03 3.440191363516190e-01
-2.350000000000000e-01 9.131381817288250e-01 1.336859303309800e+01 8.805591256054389e+02 2.282995513059137e+03 3.163002260375903e+03 3.638401944113066e-01
-2.250000000000000e-01 8.955077138020602e-01 1.408348885645201e+01 8.568506781677859e+02 2.230936281200264e+03 3.377273180544899e+03 3.847940338956646e-01
-2.150000000000000e-01 8.774739054241734e-01 1.482650048574796e+01 8.327919001424032e+02 2.178425152166313e+03 3.645186291328303e+03 4.067461933227489e-01
-2.050000000000000e-01 8.592386075601544e-01 1.559033764236982e+01 8.086648644846271e+02 2.126084839666074e+03 3.984865340028470e+03 4.295009288461918e-01
-1.950000000000000e-01 8.409909810188411e-01 1.636782111080284e+01 7.847246946026439e+02 2.074464819697335e+03 4.423791160808496e+03 4.528598948022853e-01
-1.849999999999999e-01 8.228730552130173e-01 1.715324715761893e+01 7.611594841675260e+02 2.023957279622419e+03 5.006894369003226e+03 4.766624235135265e-01
-1.749999999999999e-01 8.049857909763874e-01 1.794236547746915e+01 7.380970312958514e+02 1.974816503863098e+03 5.812698119422174e+03 5.007870144624782e-01
-1.650000000000000e-01 7.874132806524603e-01 1.873141050578004e+01 7.156382836401689e+02 1.927233880618738e+03 6.990116422533785e+03 5.251230100940090e-01
-1.550000000000000e-01 7.702556244692175e-01 1.951551959382732e+01 6.939029787669996e+02 1.881435494342226e+03 8.855561554566508e+03 5.495208360175307e-01
-1.450000000000000e-01 7.536762815080479e-01 2.028664628718759e+01 6.730820843413954e+02 1.837792200629892e+03 1.220528038281522e+04 5.737261534328773e-01
-1.350000000000000e-01 7.379480790606289e-01 2.103083898147441e+01 6.534988469473183e+02 1.796942928621184e+03 1.972689099829589e+04 5.972870117476616e-01
-1.250000000000000e-01 7.235324810683125e-01 2.172424003595599e+01 6.356942374348773e+02 1.759968495596527e+03 4.910552230083415e+04 6.194203279973512e-01
-1.150000000000000e-01 7.110751691886483e-01 2.233245178808023e+01 6.204215394812741e+02 1.728374095802924e+03 -1.380320877260419e+05 6.389791840030992e-01
-1.050000000000000e-01 7.016082879641702e-01 2.280050977259201e+01 6.088842643579266e+02 1.704580841857029e+03 -3.430643733619100e+04 6.541246558265663e-01
-9.499999999999997e-02 6.968885217645785e-01 2.303578257718639e+01 6.031551049935078e+02 1.692788761384403e+03 -2.476405744616290e+04 6.617685208508042e-01
-8.499999999999996e-02 6.953949868028423e-01 2.311047479750165e+01 6.013456965240682e+02 1.689067402124540e+03 -2.273775008208584e+04 6.641994692836793e-01
-7.499999999999996e-02 6.949764313808713e-01 2.313142100045170e+01 6.008390733490406e+02 1.688025644560143e+03 -2.222613697219406e+04 6.648815008990314e-01
-6.499999999999995e-02 6.949346793851285e-01 2.313351106075177e+01 6.007885544085469e+02 1.687921776117271e+03 -2.217631687013283e+04 6.649495580490413e-01
-5.499999999999993e-02 6.951757120634986e-01 2.312144647424972e+01 6.010802937966118e+02 1.688521649693083e+03 -2.246692920309874e+04 6.645566869469131e-01
-4.500000000000003e-02 6.960740417158910e-01 2.307650117566019e+01 6.021681521356790e+02 1.690758762333680e+03 -2.361782571146433e+04 6.630935024979997e-01
-3.500000000000002e-02 6.976898849040900e-01 2.299579303986374e+01 6.041259932018132e+02 1.694786455204437e+03 -2.600162707448186e+04 6.604680685966401e-01
-2.500000000000002e-02 6.985972546053947e-01 2.295053084358747e+01 6.052263493998549e+02 1.697050844757749e+03 -2.755557550547260e+04 6.589967016886977e-01
-1.500000000000001e-02 6.993811363112803e-01 2.291148500379651e+01 6.061769759137479e+02 1.699007658602545e+03 -2.905037331260274e+04 6.577281957577330e-01
-5.000000000000000e-03 6.999274049634157e-01 2.288426425793465e+01 6.068404676112027e+02 1.700373503116409e+03 -3.018861532617762e+04 6.568438958111094e-01
5.000000000000009e-03 7.003391072592288e-01 2.286379818732578e+01 6.073397216558861e+02 1.701401582496388e+03 -3.110534957163547e+04 6.561795725606331e-01
1.500000000000002e-02 7.006518798669604e-01 2.284823965388624e+01 6.077194869157032e+02 1.702183590990528e+03 -3.183883084276195e+04 6.556744975297075e-01
2.500000000000003e-02 7.008410699157257e-01 2.283861939487719e+01 6.079544014172134e+02 1.702666243195896e+03 -3.229934031120864e+04 6.553602521413621e-01
3.500000000000004e-02 7.009419294651553e-01 2.283348215137706e+01 6.080798720292690e+02 1.702923993475181e+03 -3.255019258598890e+04 6.551923760812093e-01
4.500000000000005e-02 7.009882474296784e-01 2.283119028368928e+01 6.081358465389549e+02 1.703039322300283e+03 -3.266657869732920e+04 6.551181057534234e-01
5.500000000000006e-02 7.010610085865852e-01 2.282781948069228e+01 6.082182104739624e+02 1.703210246713317e+03 -3.285075591047605e+04 6.550110232288597e-01
6.500000000000006e-02 7.011841729793575e-01 2.282173428935996e+01 6.083669179097560e+02 1.703516716693033e+03 -3.316768526281173e+04 6.548138916910612e-01
7.500000000000007e-02 7.013227654866853e-01 2.281369662112438e+01 6.085633587345452e+02 1.703915286975106e+03 -3.353311967215186e+04 6.545422911877329e-01
8.500000000000008e-02 7.014227812836973e-01 2.280860120406827e+01 6.086879043850162e+02 1.704171150454620e+03 -3.380077269255367e+04 6.543758026476044e-01
9.500000000000008e-02 7.015488052503301e-01 2.280177137291851e+01 6.088548820382866e+02 1.704512105320875e+03 -3.414457488114920e+04 6.541489027842561e-01
1.050000000000001e-01 7.017177381273665e-01 2.279285553240300e+01 6.090729146781246e+02 1.704958473586568e+03 -3.461592196162599e+04 6.538547814042850e-01
1.150000000000001e-01 7.018493398525664e-01 2.278749296630388e+01 6.092041155184282e+02 1.705234884488031e+03 -3.498976322544929e+04 6.536918394536698e-01
1.250000000000001e-01 7.019608880489029e-01 2.278050978219338e+01 6.093750062731400e+02 1.705579387781292e+03 -3.531634874685914e+04 6.534518009779953e-01
1.350000000000001e-01 7.021867056632154e-01 2.277229702215931e+01 6.095760105156560e+02 1.706009143562834e+03 -3.598736472283642e+04 6.532135570340535e-01
1.450000000000001e-01 7.024097598658016e-01 2.276655362888032e+01 6.097166357079059e+02 1.706326685221695e+03 -3.667173746627621e+04 6.530771986721156e-01
1.549999999999999e-01 7.027912807550322e-01 2.275944083137697e+01 6.098908844200446e+02 1.706747393240573e+03 -3.789976642619854e+04 6.529571490217041e-01
1.649999999999999e-01 7.035441097675210e-01 2.275195581542384e+01 6.100744157199068e+02 1.707281368856230e+03 -4.056818877122709e+04 6.529936787813044e-01
1.749999999999999e-01 7.061396876788442e-01 2.274557514318807e+01 6.102311868752322e+02 1.708242601253689e+03 -5.350822434448999e+04 6.539296299801843e-01
1.849999999999999e-01 7.164967605905751e-01 2.273886196429219e+01 6.103972478385668e+02 1.711227538027835e+03 1.971908201162048e+05 6.584238284564903e-01
1.950000000000000e-01 7.541768069938695e-01 2.273199350161008e+01 6.105714112856577e+02 1.721286520415168e+03 1.093282753178266e+04 6.752146536762209e-01
2.050000000000000e-01 8.835899646804364e-01 2.272567916471085e+01 6.107454922709593e+02 1.755031618101561e+03 2.576703060770541e+03 7.305469055925331e-01
2.150000000000000e-01 1.320690998201016e+00 2.272208736492354e+01 6.110265456449299e+02 1.868498290751940e+03 7.197291055670961e+02 8.928012244429784e-01
2.250000000000000e-01 2.680222878238837e+00 2.271634964484095e+01 6.113585690701016e+02 2.219937534077367e+03 2.221254576188185e+02 1.271194425905579e+00
2.350000000000000e-01 4.401265794400967e+00 2.270942951660729e+01 6.117401831136993e+02 2.664256870115746e+03 1.185135976213312e+02 1.627974134723283e+00
2.450000000000000e-01 5.097149409483307e+00 2.269681900717699e+01 6.117416739122226e+02 2.842241212473036e+03 9.969699468124369e+01 1.750977740220523e+00
2.550000000000000e-01 5.353000079684942e+00 2.263023312281185e+01 6.078419500978571e+02 2.890314018766624e+03 9.359766247670277e+01 1.794850581706623e+00
2.650000000000000e-01 5.191338341185971e+00 2.208992617912241e+01 5.710041932407407e+02 2.694105770986860e+03 9.110014378175573e+01 1.780124039893884e+00
2.750000000000000e-01 3.589762448002004e+00 1.767535847728095e+01 3.341576676031974e+02 1.396147904866822e+03 8.300677431652210e+01 1.548322241183542e+00
2.850000000000000e-01 2.018601820949341e+00 9.715206089684466e+00 1.109938019017668e+02 3.727476026879147e+02 6.078379824311760e+01 1.107296600112693e+00
2.950000000000000e-01 1.343036248933222e+00 3.566155078166288e+00 2.538509132622188e+01 7.200273457365907e+01 2.883847741031956e+01 6.932513266989316e-01
3.050000000000000e-01 1.054349722935579e+00 4.329723591791131e-01 1.657164553593867e+00 4.241738253030405e+00 3.480782843066196e+00 2.918809026627773e-01
3.150000000000001e-01 1.002847370506323e+00 1.050040936571190e-02 2.181485966329179e-02 5.459243543019161e-02 5.399900603815608e-02 6.017047239750730e-02
3.250000000000001e-01 1.000040856391476e+00 3.784868471976723e-05 1.000575736731664e-02 2.501439413458233e-02 2.501081693724390e-02 3.197942583637066e-04
3.350000000000001e-01 1.000000174666221e+00 3.831403645459087e-08 1.000000453392054e-02 2.500001133480208e-02 2.499999605150938e-02 3.238126641267435e-07
3.450000000000001e-01 1.000000000605373e+00 9.062792060704962e-11 1.000000001072320e-02 2.500000002680801e-02 2.499999997383787e-02 7.659457268036339e-10
3.550000000000001e-01 1.000000000001527e+00 1.997881334117776e-13 1.000000000002361e-02 2.500000000005904e-02 2.499999999992542e-02 1.688517909971619e-12
3.650000000000001e-01 1.000000000000003e+00 4.095554251665662e-16 1.000000000000003e-02 2.500000000000009e-02 2.499999999999986e-02 3.461375101266699e-15
3.750000000000001e-01 1.000000000000000e+00 7.599905678536437e-19 1.000000000000000e-02 2.500000000000000e-02 2.500000000000000e-02 6.423092619750484e-18
3.850000000000001e-01 1.000000000000000e+00 0.000000000000000e+00 1.000000000000000e-02 2.500000000000000e-02 2.500000000000000e-02 0.000000000000000e+00
3.950000000000001e-01 1.000000000000000e+00 0.000000000000000e+00 1.000000000000000e-02 2.500000000000000e-02 2.500000000000000e-02 0.000000000000000e+00
4.049999999999999e-01 1.000000000000000e+00 0.000000000000000e+00 1.000000000000000e-02 2.500000000000000e-02 2.500000000000000e-02 0.000000000000000e+00
4.149999999999999e-01 1.000000000000000e+00 0.000000000000000e+00 1.000000000000000e-02 2.500000000000000e-02 2.500000000000000e-02 0.000000000000000e+00
4.249999999999999e-01 1.000000000000000e+00 0.000000000000000e+00 1.000000000000000e-02 2.500000000000000e-02 2.500000000000000e-02 0.000000000000000e+00
4.349999999999999e-01 1.000000000000000e+00 0.000000000000000e+00 1.000000000000000e-02 2.500000000000000e-02 2.500000000000000e-02 0.000000000000000e+00
4.450000000000000e-01 1.000000000000000e+00 0.000000000000000e+00 1.000000000000000e-02 2.500000000000000e-02 2.500000000000000e-02 0.000000000000000e+00
4.550000000000000e-01 1.000000000000000e+00 0.000000000000000e+00 1.000000000000000e-02 2.500000000000000e-02 2.500000000000000e-02 0.000000000000000e+00
4.650000000000000e-01 1.000000000000000e+00 0.000000000000000e+00 1.000000000000000e-02 2.500000000000000e-02 2.500000000000000e-02 0.000000000000000e+00
4.750000000000000e-01 1.000000000000000e+00 0.000000000000000e+00 1.000000000000000e-02 2.500000000000000e-02 2.500000000000000e-02 0.000000000000000e+00
4.850000000000000e-01 1.000000000000000e+00 0.000000000000000e+00 1.000000000000000e-02 2.500000000000000e-02 2.500000000000000e-02 0.000000000000000e+00
4.950000000000000e-01 1.000000000000000e+00 0.000000000000000e+00 1.000000000000000e-02 2.500000000000000e-02 2.500000000000000e-02 0.000000000000000e+00
5.050000000000000e-01 1.000000000000000e+00 0.000000000000000e+00 1.000000000000000e-02 2.500000000000000e-02 2.500000000000000e-02 0.000000000000000e+00
5.150000000000000e-01 1.000000000000000e+00 0.000000000000000e+00 1.000000000000000e-02 2.500000000000000e-02 2.500000000000000e-02 0.000000000000000e+00
5.250000000000000e-01 1.000000000000000e+00 0.000000000000000e+00 1.000000000000000e-02 2.500000000000000e-02 2.500000000000000e-02 0.000000000000000e+00
5.350000000000000e-01 1.000000000000000e+00 0.000000000000000e+00 1.000000000000000e-02 2.500000000000000e-02 2.500000000000000e-02 0.000000000000000e+00
5.450000000000000e-01 1.000000000000000e+00 0.000000000000000e+00 1.000000000000000e-02 2.500000000000000e-02 2.500000000000000e-02 0.000000000000000e+00
5.550000000000000e-01 1.000000000000000e+00 0.000000000000000e+00 1.000000000000000e-02 2.500000000000000e-02 2.500000000000000e-02 0.000000000000000e+00
5.650000000000001e-01 1.000000000000000e+00 0.000000000000000e+00 1.000000000000000e-02 2.500000000000000e-02 2.500000000000000e-02 0.000000000000000e+00
5.750000000000001e-01 1.000000000000000e+00 0.000000000000000e+00 1.000000000000000e-02 2.500000000000000e-02 2.500000000000000e-02 0.000000000000000e+00
5.850000000000001e-01 1.000000000000000e+00 0.000000000000000e+00 1.000000000000000e-02 2.500000000000000e-02 2.500000000000000e-02 0.000000000000000e+00
5.950000000000001e-01 1.000000000000000e+00 0.000000000000000e+00 1.000000000000000e-02 2.500000000000000e-02 2.500000000000000e-02 0.000000000000000e+00
6.050000000000001e-01 1.000000000000000e+00 0.000000000000000e+00 1.000000000000000e-02 2.500000000000000e-02 2.500000000000000e-02 0.000000000000000e+00
6.150000000000001e-01 1.000000000000000e+00 0.000000000000000e+00 1.000000000000000e-02 2.500000000000000e-02 2.500000000000000e-02 0.000000000000000e+00
6.250000000000001e-01 1.000000000000000e+00 0.000000000000000e+00 1.000000000000000e-02 2.500000000000000e-02 2.500000000000000e-02 0.000000000000000e+00
6.350000000000001e-01 1.000000000000000e+00 0.000000000000000e+00 1.000000000000000e-02 2.500000000000000e-02 2.500000000000000e-02 0.000000000000000e+00
6.450000000000001e-01 1.000000000000000e+00 0.000000000000000e+00 1.000000000000000e-02 2.500000000000000e-02 2.500000000000000e-02 0.000000000000000e+00
6.550000000000001e-01 1.000000000000000e+00 0.000000000000000e+00 1.000000000000000e-02 2.500000000000000e-02 2.500000000000000e-02 0.000000000000000e+00
6.649999999999999e-01 1.000000000000000e+00 0.000000000000000e+00 1.000000000000000e-02 2.500000000000000e-02 2.500000000000000e-02 0.000000000000000e+00
6.749999999999999e-01 1.000000000000000e+00 0.000000000000000e+00 1.000000000000000e-02 2.500000000000000e-02 2.500000000000000e-02 0.000000000000000e+00
6.849999999999999e-01 1.000000000000000e+00 0.000000000000000e+00 1.000000000000000e-02 2.500000000000000e-02 2.500000000000000e-02 0.000000000000000e+00
6.950000000000000e-01 1.000000000000000e+00 0.000000000000000e+00 1.000000000000000e-02 2.500000000000000e-02 2.500000000000000e-02 0.000000000000000e+00
7.050000000000000e-01 1.000000000000000e+00 0.000000000000000e+00 1.000000000000000e-02 2.500000000000000e-02 2.500000000000000e-02 0.000000000000000e+00
7.150000000000000e-01 1.000000000000000e+00 0.000000000000000e+00 1.000000000000000e-02 2.500000000000000e-02 2.500000000000000e-02 0.000000000000000e+00
7.250000000000000e-01 1.000000000000000e+00 0.000000000000000e+00 1.000000000000000e-02 2.500000000000000e-02 2.500000000000000e-02 0.000000000000000e+00
7.350000000000000e-01 1.000000000000000e+00 0.000000000000000e+00 1.000000000000000e-02 2.500000000000000e-02 2.500000000000000e-02 0.000000000000000e+00
7.450000000000000e-01 1.000000000000000e+00 0.000000000000000e+00 1.000000000000000e-02 2.500000000000000e-02 2.500000000000000e-02 0.000000000000000e+00
7.550000000000000e-01 1.000000000000000e+00 0.000000000000000e+00 1.000000000000000e-02 2.500000000000000e-02 2.500000000000000e-02 0.000000000000000e+00
7.650000000000000e-01 1.000000000000000e+00 0.000000000000000e+00 1.000000000000000e-02 2.500000000000000e-02 2.500000000000000e-02 0.000000000000000e+00
7.750000000000000e-01 1.000000000000000e+00 0.000000000000000e+00 1.000000000000000e-02 2.500000000000000e-02 2.500000000000000e-02 0.000000000000000e+00
7.850000000000000e-01 1.000000000000000e+00 0.000000000000000e+00 1.000000000000000e-02 2.500000000000000e-02 2.500000000000000e-02 0.000000000000000e+00
7.950000000000000e-01 1.000000000000000e+00 0.000000000000000e+00 1.000000000000000e-02 2.500000000000000e-02 2.500000000000000e-02 0.000000000000000e+00
8.050000000000000e-01 1.000000000000000e+00 0.000000000000000e+00 1.000000000000000e-02 2.500000000000000e-02 2.500000000000000e-02 0.000000000000000e+00
8.150000000000001e-01 1.000000000000000e+00 0.000000000000000e+00 1.000000000000000e-02 2.500000000000000e-02 2.500000000000000e-02 0.000000000000000e+00
8.250000000000001e-01 1.000000000000000e+00 0.000000000000000e+00 1.000000000000000e-02 2.500000000000000e-02 2.500000000000000e-02 0.000000000000000e+00
8.350000000000001e-01 1.000000000000000e+00 0.000000000000000e+00 1.000000000000000e-02 2.500000000000000e-02 2.500000000000000e-02 0.000000000000000e+00
8.450000000000001e-01 1.000000000000000e+00 0.000000000000000e+00 1.000000000000000e-02 2.500000000000000e-02 2.500000000000000e-02 0.000000000000000e+00
8.550000000000001e-01 1.000000000000000e+00 0.000000000000000e+00 1.000000000000000e-02 2.500000000000000e-02 2.500000000000000e-02 0.000000000000000e+00
8.650000000000001e-01 1.000000000000000e+00 0.000000000000000e+00 1.000000000000000e-02 2.500000000000000e-02 2.500000000000000e-02 0.000000000000000e+00
8.750000000000001e-01 1.000000000000000e+00 0.000000000000000e+00 1.000000000000000e-02 2.500000000000000e-02 2.500000000000000e-02 0.000000000000000e+00
8.850000000000001e-01 1.000000000000000e+00 0.000000000000000e+00 1.000000000000000e-02 2.500000000000000e-02 2.500000000000000e-02 0.000000000000000e+00
8.950000000000001e-01 1.000000000000000e+00 0.000000000000000e+00 1.000000000000000e-02 2.500000000000000e-02 2.500000000000000e-02 0.000000000000000e+00
9.050000000000001e-01 1.000000000000000e+00 0.000000000000000e+00 1.000000000000000e-02 2.500000000000000e-02 2.500000000000000e-02 0.000000000000000e+00
9.149999999999999e-01 1.000000000000000e+00 0.000000000000000e+00 1.000000000000000e-02 2.500000000000000e-02 2.500000000000000e-02 0.000000000000000e+00
9.249999999999999e-01 1.000000000000000e+00 0.000000000000000e+00 1.000000000000000e-02 2.500000000000000e-02 2.500000000000000e-02 0.000000000000000e+00
9.349999999999999e-01 1.000000000000000e+00 0.000000000000000e+00 1.000000000000000e-02 2.500000000000000e-02 2.500000000000000e-02 0.000000000000000e+00
9.450000000000000e-01 1.000000000000000e+00 0.000000000000000e+00 1.000000000000000e-02 2.500000000000000e-02 2.500000000000000e-02 0.000000000000000e+00
9.550000000000000e-01 1.000000000000000e+00 0.000000000000000e+00 1.000000000000000e-02 2.500000000000000e-02 2.500000000000000e-02 0.000000000000000e+00
9.650000000000000e-01 1.000000000000000e+00 0.000000000000000e+00 1.000000000000000e-02 2.500000000000000e-02 2.500000000000000e-02 0.000000000000000e+00
9.750000000000000e-01 1.000000000000000e+00 0.000000000000000e+00 1.000000000000000e-02 2.500000000000000e-02 2.500000000000000e-02 0.000000000000000e+00
9.850000000000000e-01 1.000000000000000e+00 0.000000000000000e+00 1.000000000000000e-02 2.500000000000000e-02 2.500000000000000e-02 0.000000000000000e+00
9.950000000000000e-01 1.000000000000000e+00 0.000000000000000e+00 1.000000000000000e-02 2.500000000000000e-02 2.500000000000000e-02 0.000000000000000e+00
